Original [[102 102  95]
 [ 95  95  88]
 [ 92  92  85]
 ...
 [ 45  52  53]
 [ 47  49  49]
 [ 50  53  52]]
Reshape [[102 102  95]
 [ 95  95  88]
 [ 92  92  85]
 ...
 [ 45  52  53]
 [ 47  49  49]
 [ 50  53  52]]
Original [[106 105  96]
 [ 97  96  87]
 [ 94  92  83]
 ...
 [ 41  50  50]
 [ 45  50  49]
 [ 48  53  52]]
Reshape [[106 105  96]
 [ 97  96  87]
 [ 94  92  83]
 ...
 [ 41  50  50]
 [ 45  50  49]
 [ 48  53  52]]
Original [[104 101  97]
 [ 98  95  91]
 [ 95  92  86]
 ...
 [ 41  50  49]
 [ 45  50  49]
 [ 47  52  51]]
Reshape [[104 101  97]
 [ 98  95  91]
 [ 95  92  86]
 ...
 [ 41  50  49]
 [ 45  50  49]
 [ 47  52  51]]
Original [[103 102 100]
 [ 95  94  92]
 [ 96  91  85]
 ...
 [ 45  50  49]
 [ 45  50  49]
 [ 45  50  49]]
Reshape [[103 102 100]
 [ 95  94  92]
 [ 96  91  85]
 ...
 [ 45  50  49]
 [ 45  50  49]
 [ 45  50  49]]
Original [[104 105  96]
 [ 96  97  88]
 [ 95  96  87]
 ...
 [ 41  50  49]
 [ 41  50  49]
 [ 41  50  49]]
Reshape [[104 105  96]
 [ 96  97  88]
 [ 95  96  87]
 ...
 [ 41  50  49]
 [ 41  50  49]
 [ 41  50  49]]
Original [[106 105 100]
 [ 97  97  92]
 [ 97  96  87]
 ...
 [ 41  50  50]
 [ 45  50  49]
 [ 45  50  49]]
Reshape [[106 105 100]
 [ 97  97  92]
 [ 97  96  87]
 ...
 [ 41  50  50]
 [ 45  50  49]
 [ 45  50  49]]
Original [[108 104 100]
 [101  97  93]
 [ 99  95  87]
 ...
 [ 41  49  52]
 [ 45  50  49]
 [ 45  50  49]]
Reshape [[108 104 100]
 [101  97  93]
 [ 99  95  87]
 ...
 [ 41  49  52]
 [ 45  50  49]
 [ 45  50  49]]
Original [[110 103 102]
 [ 99  93  92]
 [ 95  92  88]
 ...
 [ 47  48  52]
 [ 47  49  49]
 [ 48  50  50]]
Reshape [[110 103 102]
 [ 99  93  92]
 [ 95  92  88]
 ...
 [ 47  48  52]
 [ 47  49  49]
 [ 48  50  50]]
Original [[110 104 100]
 [ 96  90  86]
 [ 95  91  82]
 ...
 [ 45  49  50]
 [ 49  51  53]
 [ 50  52  54]]
Reshape [[110 104 100]
 [ 96  90  86]
 [ 95  91  82]
 ...
 [ 45  49  50]
 [ 49  51  53]
 [ 50  52  54]]
Original [[108 104 100]
 [ 96  93  89]
 [ 91  90  81]
 ...
 [ 50  50  50]
 [ 50  50  50]
 [ 50  50  50]]
Reshape [[108 104 100]
 [ 96  93  89]
 [ 91  90  81]
 ...
 [ 50  50  50]
 [ 50  50  50]
 [ 50  50  50]]
Original [[110 104 100]
 [ 97  91  88]
 [ 91  85  82]
 ...
 [ 49  49  49]
 [ 51  48  49]
 [ 51  48  49]]
Reshape [[110 104 100]
 [ 97  91  88]
 [ 91  85  82]
 ...
 [ 49  49  49]
 [ 51  48  49]
 [ 51  48  49]]
Original [[91 92 89]
 [85 86 83]
 [83 83 78]
 ...
 [49 49 49]
 [49 49 49]
 [49 49 49]]
Reshape [[91 92 89]
 [85 86 83]
 [83 83 78]
 ...
 [49 49 49]
 [49 49 49]
 [49 49 49]]
Original [[76 80 68]
 [73 77 65]
 [75 76 67]
 ...
 [49 49 49]
 [45 50 49]
 [45 50 49]]
Reshape [[76 80 68]
 [73 77 65]
 [75 76 67]
 ...
 [49 49 49]
 [45 50 49]
 [45 50 49]]
Original [[90 94 82]
 [88 93 80]
 [90 91 84]
 ...
 [43 50 49]
 [43 50 49]
 [44 51 50]]
Reshape [[90 94 82]
 [88 93 80]
 [90 91 84]
 ...
 [43 50 49]
 [43 50 49]
 [44 51 50]]
Original [[102 101  90]
 [ 99  99  87]
 [ 96  94  86]
 ...
 [ 48  53  52]
 [ 45  52  51]
 [ 44  51  50]]
Reshape [[102 101  90]
 [ 99  99  87]
 [ 96  94  86]
 ...
 [ 48  53  52]
 [ 45  52  51]
 [ 44  51  50]]
Original [[106 103  92]
 [104 101  90]
 [103  99  90]
 ...
 [ 52  52  52]
 [ 50  50  50]
 [ 49  49  49]]
Reshape [[106 103  92]
 [104 101  90]
 [103  99  90]
 ...
 [ 52  52  52]
 [ 50  50  50]
 [ 49  49  49]]
Original [[108 106  93]
 [106 104  91]
 [100 102  88]
 ...
 [ 51  51  51]
 [ 50  50  50]
 [ 50  50  50]]
Reshape [[108 106  93]
 [106 104  91]
 [100 102  88]
 ...
 [ 51  51  51]
 [ 50  50  50]
 [ 50  50  50]]
Original [[105 103  96]
 [102  99  93]
 [ 95  99  89]
 ...
 [ 45  50  49]
 [ 52  52  52]
 [ 52  52  52]]
Reshape [[105 103  96]
 [102  99  93]
 [ 95  99  89]
 ...
 [ 45  50  49]
 [ 52  52  52]
 [ 52  52  52]]
Original [[102 100  91]
 [101  99  90]
 [ 97  95  88]
 ...
 [ 43  50  49]
 [ 44  51  50]
 [ 45  52  51]]
Reshape [[102 100  91]
 [101  99  90]
 [ 97  95  88]
 ...
 [ 43  50  49]
 [ 44  51  50]
 [ 45  52  51]]
Original [[107 100  94]
 [105  97  92]
 [ 97  91  88]
 ...
 [ 43  50  49]
 [ 39  50  50]
 [ 39  50  50]]
Reshape [[107 100  94]
 [105  97  92]
 [ 97  91  88]
 ...
 [ 43  50  49]
 [ 39  50  50]
 [ 39  50  50]]
Original [[108 101  95]
 [106  99  93]
 [ 97  89  85]
 ...
 [ 44  50  52]
 [ 39  54  51]
 [ 38  52  50]]
Reshape [[108 101  95]
 [106  99  93]
 [ 97  89  85]
 ...
 [ 44  50  52]
 [ 39  54  51]
 [ 38  52  50]]
Original [[112 104 100]
 [107  99  96]
 [102  89  86]
 ...
 [ 43  49  50]
 [ 42  54  52]
 [ 41  53  51]]
Reshape [[112 104 100]
 [107  99  96]
 [102  89  86]
 ...
 [ 43  49  50]
 [ 42  54  52]
 [ 41  53  51]]
Original [[106 104  98]
 [102  99  93]
 [100  90  85]
 ...
 [ 43  50  49]
 [ 38  52  50]
 [ 40  55  52]]
Reshape [[106 104  98]
 [102  99  93]
 [100  90  85]
 ...
 [ 43  50  49]
 [ 38  52  50]
 [ 40  55  52]]
Original [[110 105  99]
 [104  99  93]
 [101  91  86]
 ...
 [ 44  49  48]
 [ 40  52  50]
 [ 39  51  49]]
Reshape [[110 105  99]
 [104  99  93]
 [101  91  86]
 ...
 [ 44  49  48]
 [ 40  52  50]
 [ 39  51  49]]
Original [[110 108 100]
 [104 103  94]
 [ 99  95  87]
 ...
 [ 43  47  47]
 [ 41  50  49]
 [ 43  53  51]]
Reshape [[110 108 100]
 [104 103  94]
 [ 99  95  87]
 ...
 [ 43  47  47]
 [ 41  50  49]
 [ 43  53  51]]
Original [[110 108 100]
 [104 103  94]
 [ 95  96  87]
 ...
 [ 41  46  45]
 [ 45  49  50]
 [ 45  49  50]]
Reshape [[110 108 100]
 [104 103  94]
 [ 95  96  87]
 ...
 [ 41  46  45]
 [ 45  49  50]
 [ 45  49  50]]
Original [[108 108 101]
 [103 103  96]
 [ 93  96  88]
 ...
 [ 44  48  49]
 [ 45  50  49]
 [ 45  50  49]]
Reshape [[108 108 101]
 [103 103  96]
 [ 93  96  88]
 ...
 [ 44  48  49]
 [ 45  50  49]
 [ 45  50  49]]
Original [[113 108 102]
 [108 104  98]
 [ 99  94  88]
 ...
 [ 47  49  49]
 [ 47  49  49]
 [ 48  50  50]]
Reshape [[113 108 102]
 [108 104  98]
 [ 99  94  88]
 ...
 [ 47  49  49]
 [ 47  49  49]
 [ 48  50  50]]
Original [[112 111 102]
 [106 105  96]
 [ 97  96  87]
 ...
 [ 45  50  49]
 [ 49  48  50]
 [ 49  48  50]]
Reshape [[112 111 102]
 [106 105  96]
 [ 97  96  87]
 ...
 [ 45  50  49]
 [ 49  48  50]
 [ 49  48  50]]
Original [[112 111 102]
 [108 106  97]
 [ 97  95  88]
 ...
 [ 44  49  48]
 [ 49  49  49]
 [ 49  49  49]]
Reshape [[112 111 102]
 [108 106  97]
 [ 97  95  88]
 ...
 [ 44  49  48]
 [ 49  49  49]
 [ 49  49  49]]
Original [[115 110 106]
 [110 104 100]
 [102  97  91]
 ...
 [ 48  48  48]
 [ 49  49  49]
 [ 51  51  51]]
Reshape [[115 110 106]
 [110 104 100]
 [102  97  91]
 ...
 [ 48  48  48]
 [ 49  49  49]
 [ 51  51  51]]
Original [[113 109 101]
 [108 105  96]
 [102  98  89]
 ...
 [ 42  49  48]
 [ 49  49  49]
 [ 50  50  50]]
Reshape [[113 109 101]
 [108 105  96]
 [102  98  89]
 ...
 [ 42  49  48]
 [ 49  49  49]
 [ 50  50  50]]
Original [[110 107 103]
 [104 101  97]
 [ 98  97  88]
 ...
 [ 44  49  48]
 [ 41  50  49]
 [ 41  50  49]]
Reshape [[110 107 103]
 [104 101  97]
 [ 98  97  88]
 ...
 [ 44  49  48]
 [ 41  50  49]
 [ 41  50  49]]
Original [[106 107 104]
 [100 101  99]
 [ 96  97  88]
 ...
 [ 46  48  48]
 [ 45  50  49]
 [ 45  50  49]]
Reshape [[106 107 104]
 [100 101  99]
 [ 96  97  88]
 ...
 [ 46  48  48]
 [ 45  50  49]
 [ 45  50  49]]
Original [[108 106 106]
 [106 103 104]
 [ 97  97  92]
 ...
 [ 48  48  48]
 [ 46  48  48]
 [ 47  49  49]]
Reshape [[108 106 106]
 [106 103 104]
 [ 97  97  92]
 ...
 [ 48  48  48]
 [ 46  48  48]
 [ 47  49  49]]
Original [[111 111 106]
 [107 106 102]
 [100 101  91]
 ...
 [ 44  49  48]
 [ 46  48  48]
 [ 47  49  49]]
Reshape [[111 111 106]
 [107 106 102]
 [100 101  91]
 ...
 [ 44  49  48]
 [ 46  48  48]
 [ 47  49  49]]
Original [[113 113 104]
 [108 109 100]
 [100 101  91]
 ...
 [ 44  49  48]
 [ 45  49  50]
 [ 45  49  50]]
Reshape [[113 113 104]
 [108 109 100]
 [100 101  91]
 ...
 [ 44  49  48]
 [ 45  49  50]
 [ 45  49  50]]
Original [[115 112 106]
 [109 106 100]
 [102 100  91]
 ...
 [ 42  49  48]
 [ 44  50  52]
 [ 44  50  52]]
Reshape [[115 112 106]
 [109 106 100]
 [102 100  91]
 ...
 [ 42  49  48]
 [ 44  50  52]
 [ 44  50  52]]
Original [[114 114 107]
 [107 107 100]
 [100 101  91]
 ...
 [ 44  48  49]
 [ 46  51  50]
 [ 45  50  49]]
Reshape [[114 114 107]
 [107 107 100]
 [100 101  91]
 ...
 [ 44  48  49]
 [ 46  51  50]
 [ 45  50  49]]
Original [[108 112 102]
 [106 109 100]
 [100 103  94]
 ...
 [ 41  50  50]
 [ 41  50  49]
 [ 41  50  49]]
Reshape [[108 112 102]
 [106 109 100]
 [100 103  94]
 ...
 [ 41  50  50]
 [ 41  50  49]
 [ 41  50  49]]
Original [[109 113 103]
 [106 109 100]
 [101 101  94]
 ...
 [ 43  49  50]
 [ 43  50  49]
 [ 43  50  49]]
Reshape [[109 113 103]
 [106 109 100]
 [101 101  94]
 ...
 [ 43  49  50]
 [ 43  50  49]
 [ 43  50  49]]
Original [[113 112 107]
 [107 106 102]
 [101  97  93]
 ...
 [ 36  50  48]
 [ 39  51  49]
 [ 39  51  49]]
Reshape [[113 112 107]
 [107 106 102]
 [101  97  93]
 ...
 [ 36  50  48]
 [ 39  51  49]
 [ 39  51  49]]
Original [[110 108 108]
 [107 104 105]
 [100  97  98]
 ...
 [ 40  48  49]
 [ 41  50  49]
 [ 41  50  49]]
Reshape [[110 108 108]
 [107 104 105]
 [100  97  98]
 ...
 [ 40  48  49]
 [ 41  50  49]
 [ 41  50  49]]
Original [[109 107 107]
 [108 106 106]
 [101  99  99]
 ...
 [ 34  49  47]
 [ 38  50  48]
 [ 39  51  49]]
Reshape [[109 107 107]
 [108 106 106]
 [101  99  99]
 ...
 [ 34  49  47]
 [ 38  50  48]
 [ 39  51  49]]
Original [[113 115 110]
 [106 108 103]
 [100 101  99]
 ...
 [ 34  49  47]
 [ 36  49  47]
 [ 38  50  48]]
Reshape [[113 115 110]
 [106 108 103]
 [100 101  99]
 ...
 [ 34  49  47]
 [ 36  49  47]
 [ 38  50  48]]
Original [[122 121 117]
 [108 107 103]
 [100  99  95]
 ...
 [ 41  50  49]
 [ 41  50  49]
 [ 41  50  49]]
Reshape [[122 121 117]
 [108 107 103]
 [100  99  95]
 ...
 [ 41  50  49]
 [ 41  50  49]
 [ 41  50  49]]
Original [[122 121 117]
 [109 108 104]
 [100  98  96]
 ...
 [ 42  49  48]
 [ 48  50  50]
 [ 48  50  50]]
Reshape [[122 121 117]
 [109 108 104]
 [100  98  96]
 ...
 [ 42  49  48]
 [ 48  50  50]
 [ 48  50  50]]
Original [[116 113 107]
 [111 109 102]
 [102 101  97]
 ...
 [ 38  48  47]
 [ 43  49  50]
 [ 45  52  53]]
Reshape [[116 113 107]
 [111 109 102]
 [102 101  97]
 ...
 [ 38  48  47]
 [ 43  49  50]
 [ 45  52  53]]
Original [[111 111 106]
 [109 108 104]
 [101 103  98]
 ...
 [ 38  47  48]
 [ 41  50  50]
 [ 43  52  53]]
Reshape [[111 111 106]
 [109 108 104]
 [101 103  98]
 ...
 [ 38  47  48]
 [ 41  50  50]
 [ 43  52  53]]
Original [[111 111 106]
 [108 107 103]
 [101 103  98]
 ...
 [ 36  49  47]
 [ 45  50  49]
 [ 47  52  51]]
Reshape [[111 111 106]
 [108 107 103]
 [101 103  98]
 ...
 [ 36  49  47]
 [ 45  50  49]
 [ 47  52  51]]
Original [[110 109 107]
 [110 109 107]
 [103 103  98]
 ...
 [ 38  50  48]
 [ 47  49  49]
 [ 48  50  50]]
Reshape [[110 109 107]
 [110 109 107]
 [103 103  98]
 ...
 [ 38  50  48]
 [ 47  49  49]
 [ 48  50  50]]
Original [[109 108 104]
 [114 113 109]
 [104 105  96]
 ...
 [ 38  50  48]
 [ 47  49  49]
 [ 45  47  47]]
Reshape [[109 108 104]
 [114 113 109]
 [104 105  96]
 ...
 [ 38  50  48]
 [ 47  49  49]
 [ 45  47  47]]
Original [[111 111 106]
 [114 113 109]
 [104 106  99]
 ...
 [ 39  46  47]
 [ 49  49  49]
 [ 49  49  49]]
Reshape [[111 111 106]
 [114 113 109]
 [104 106  99]
 ...
 [ 39  46  47]
 [ 49  49  49]
 [ 49  49  49]]
Original [[116 108 105]
 [115 107 104]
 [106 103  99]
 ...
 [ 41  46  45]
 [ 49  49  49]
 [ 50  50  50]]
Reshape [[116 108 105]
 [115 107 104]
 [106 103  99]
 ...
 [ 41  46  45]
 [ 49  49  49]
 [ 50  50  50]]
Original [[115 105 100]
 [116 106 101]
 [107 103  96]
 ...
 [ 42  44  46]
 [ 49  49  49]
 [ 50  50  50]]
Reshape [[115 105 100]
 [116 106 101]
 [107 103  96]
 ...
 [ 42  44  46]
 [ 49  49  49]
 [ 50  50  50]]
Original [[108 105  96]
 [112 108 100]
 [105 104  95]
 ...
 [ 47  47  47]
 [ 49  49  49]
 [ 49  49  49]]
Reshape [[108 105  96]
 [112 108 100]
 [105 104  95]
 ...
 [ 47  47  47]
 [ 49  49  49]
 [ 49  49  49]]
Original [[107 108  98]
 [108 109 100]
 [102 106  96]
 ...
 [ 47  47  47]
 [ 46  48  48]
 [ 47  49  49]]
Reshape [[107 108  98]
 [108 109 100]
 [102 106  96]
 ...
 [ 47  47  47]
 [ 46  48  48]
 [ 47  49  49]]
Original [[108 105  99]
 [111 109 102]
 [105 107 100]
 ...
 [ 43  47  47]
 [ 42  49  48]
 [ 43  50  49]]
Reshape [[108 105  99]
 [111 109 102]
 [105 107 100]
 ...
 [ 43  47  47]
 [ 42  49  48]
 [ 43  50  49]]
Original [[106 101  95]
 [112 107 101]
 [107 107 100]
 ...
 [ 45  46  48]
 [ 43  49  50]
 [ 45  52  53]]
Reshape [[106 101  95]
 [112 107 101]
 [107 107 100]
 ...
 [ 45  46  48]
 [ 43  49  50]
 [ 45  52  53]]
Original [[108 100  97]
 [114 106 103]
 [106 106  99]
 ...
 [ 43  47  48]
 [ 46  50  52]
 [ 48  52  54]]
Reshape [[108 100  97]
 [114 106 103]
 [106 106  99]
 ...
 [ 43  47  48]
 [ 46  50  52]
 [ 48  52  54]]
Original [[111  98  96]
 [117 104 102]
 [108 104 100]
 ...
 [ 43  47  48]
 [ 45  50  49]
 [ 47  52  51]]
Reshape [[111  98  96]
 [117 104 102]
 [108 104 100]
 ...
 [ 43  47  48]
 [ 45  50  49]
 [ 47  52  51]]
Original [[104  97  98]
 [108 101 102]
 [106 103 104]
 ...
 [ 45  47  47]
 [ 47  48  50]
 [ 48  50  52]]
Reshape [[104  97  98]
 [108 101 102]
 [106 103 104]
 ...
 [ 45  47  47]
 [ 47  48  50]
 [ 48  50  52]]
Original [[101  96  97]
 [110 105 106]
 [105 105 105]
 ...
 [ 37  47  45]
 [ 43  49  50]
 [ 43  49  50]]
Reshape [[101  96  97]
 [110 105 106]
 [105 105 105]
 ...
 [ 37  47  45]
 [ 43  49  50]
 [ 43  49  50]]
Original [[ 97  95  95]
 [109 107 107]
 [108 106 106]
 ...
 [ 39  46  47]
 [ 44  49  48]
 [ 45  50  49]]
Reshape [[ 97  95  95]
 [109 107 107]
 [108 106 106]
 ...
 [ 39  46  47]
 [ 44  49  48]
 [ 45  50  49]]
Original [[ 91  91  91]
 [106 106 106]
 [106 106 106]
 ...
 [ 43  47  48]
 [ 42  49  48]
 [ 44  51  50]]
Reshape [[ 91  91  91]
 [106 106 106]
 [106 106 106]
 ...
 [ 43  47  48]
 [ 42  49  48]
 [ 44  51  50]]
Original [[ 95  93  93]
 [115 113 113]
 [108 106 106]
 ...
 [ 47  47  47]
 [ 47  49  49]
 [ 47  49  49]]
Reshape [[ 95  93  93]
 [115 113 113]
 [108 106 106]
 ...
 [ 47  47  47]
 [ 47  49  49]
 [ 47  49  49]]
Original [[ 88  86  86]
 [117 115 115]
 [108 107 103]
 ...
 [ 45  45  47]
 [ 45  49  50]
 [ 46  50  52]]
Reshape [[ 88  86  86]
 [117 115 115]
 [108 107 103]
 ...
 [ 45  45  47]
 [ 45  49  50]
 [ 46  50  52]]
Original [[ 86  83  84]
 [118 116 116]
 [107 109 104]
 ...
 [ 45  45  47]
 [ 48  47  49]
 [ 51  50  53]]
Reshape [[ 86  83  84]
 [118 116 116]
 [107 109 104]
 ...
 [ 45  45  47]
 [ 48  47  49]
 [ 51  50  53]]
Original [[ 83  83  81]
 [114 115 112]
 [107 107 107]
 ...
 [ 43  45  47]
 [ 49  49  49]
 [ 52  52  52]]
Reshape [[ 83  83  81]
 [114 115 112]
 [107 107 107]
 ...
 [ 43  45  47]
 [ 49  49  49]
 [ 52  52  52]]
Original [[ 81  82  80]
 [113 114 111]
 [108 108 108]
 ...
 [ 47  49  49]
 [ 51  51  51]
 [ 52  52  52]]
Reshape [[ 81  82  80]
 [113 114 111]
 [108 108 108]
 ...
 [ 47  49  49]
 [ 51  51  51]
 [ 52  52  52]]
Original [[ 81  83  78]
 [109 111 106]
 [107 108 105]
 ...
 [ 40  48  49]
 [ 51  50  53]
 [ 51  50  53]]
Reshape [[ 81  83  78]
 [109 111 106]
 [107 108 105]
 ...
 [ 40  48  49]
 [ 51  50  53]
 [ 51  50  53]]
Original [[ 84  85  81]
 [106 108 103]
 [106 108 103]
 ...
 [ 38  49  49]
 [ 45  52  53]
 [ 45  52  53]]
Reshape [[ 84  85  81]
 [106 108 103]
 [106 108 103]
 ...
 [ 38  49  49]
 [ 45  52  53]
 [ 45  52  53]]
Original [[ 93  95  90]
 [104 105 100]
 [106 108 103]
 ...
 [ 38  50  48]
 [ 42  54  52]
 [ 41  53  51]]
Reshape [[ 93  95  90]
 [104 105 100]
 [106 108 103]
 ...
 [ 38  50  48]
 [ 42  54  52]
 [ 41  53  51]]
Original [[ 97  96  94]
 [107 105 103]
 [110 109 107]
 ...
 [ 39  50  50]
 [ 41  53  51]
 [ 41  53  51]]
Reshape [[ 97  96  94]
 [107 105 103]
 [110 109 107]
 ...
 [ 39  50  50]
 [ 41  53  51]
 [ 41  53  51]]
Original [[ 90  91  86]
 [102 104  99]
 [111 111 106]
 ...
 [ 36  48  48]
 [ 40  52  50]
 [ 40  52  50]]
Reshape [[ 90  91  86]
 [102 104  99]
 [111 111 106]
 ...
 [ 36  48  48]
 [ 40  52  50]
 [ 40  52  50]]
Original [[ 87  89  84]
 [101 103  98]
 [113 112 107]
 ...
 [ 36  49  49]
 [ 40  55  52]
 [ 39  54  51]]
Reshape [[ 87  89  84]
 [101 103  98]
 [113 112 107]
 ...
 [ 36  49  49]
 [ 40  55  52]
 [ 39  54  51]]
Original [[ 86  88  83]
 [100 102  97]
 [111 112 107]
 ...
 [ 38  50  48]
 [ 41  53  51]
 [ 42  54  52]]
Reshape [[ 86  88  83]
 [100 102  97]
 [111 112 107]
 ...
 [ 38  50  48]
 [ 41  53  51]
 [ 42  54  52]]
Original [[ 87  88  86]
 [ 98  99  96]
 [108 109 107]
 ...
 [ 36  48  48]
 [ 41  49  52]
 [ 41  49  52]]
Reshape [[ 87  88  86]
 [ 98  99  96]
 [108 109 107]
 ...
 [ 36  48  48]
 [ 41  49  52]
 [ 41  49  52]]
Original [[ 85  87  82]
 [ 95  97  92]
 [111 112 107]
 ...
 [ 38  46  51]
 [ 41  48  54]
 [ 40  47  53]]
Reshape [[ 85  87  82]
 [ 95  97  92]
 [111 112 107]
 ...
 [ 38  46  51]
 [ 41  48  54]
 [ 40  47  53]]
Original [[ 85  87  82]
 [ 97  98  93]
 [114 116 111]
 ...
 [ 36  47  50]
 [ 41  49  52]
 [ 40  48  51]]
Reshape [[ 85  87  82]
 [ 97  98  93]
 [114 116 111]
 ...
 [ 36  47  50]
 [ 41  49  52]
 [ 40  48  51]]
Original [[ 86  88  83]
 [ 97  98  93]
 [112 113 109]
 ...
 [ 36  47  50]
 [ 43  49  50]
 [ 43  49  50]]
Reshape [[ 86  88  83]
 [ 97  98  93]
 [112 113 109]
 ...
 [ 36  47  50]
 [ 43  49  50]
 [ 43  49  50]]
Original [[ 92  90  88]
 [ 92  90  88]
 [113 111 109]
 ...
 [ 32  47  51]
 [ 41  49  52]
 [ 41  49  52]]
Reshape [[ 92  90  88]
 [ 92  90  88]
 [113 111 109]
 ...
 [ 32  47  51]
 [ 41  49  52]
 [ 41  49  52]]
Original [[ 95  97  92]
 [ 83  84  79]
 [113 115 110]
 ...
 [ 33  50  52]
 [ 37  50  52]
 [ 37  50  52]]
Reshape [[ 95  97  92]
 [ 83  84  79]
 [113 115 110]
 ...
 [ 33  50  52]
 [ 37  50  52]
 [ 37  50  52]]
Original [[100 102  97]
 [ 83  84  79]
 [114 116 111]
 ...
 [ 31  50  54]
 [ 32  51  55]
 [ 31  50  54]]
Reshape [[100 102  97]
 [ 83  84  79]
 [114 116 111]
 ...
 [ 31  50  54]
 [ 32  51  55]
 [ 31  50  54]]
Original [[100 102  97]
 [ 86  88  83]
 [111 112 107]
 ...
 [ 32  49  51]
 [ 33  53  54]
 [ 31  51  52]]
Reshape [[100 102  97]
 [ 86  88  83]
 [111 112 107]
 ...
 [ 32  49  51]
 [ 33  53  54]
 [ 31  51  52]]
Original [[110 106 104]
 [ 88  84  82]
 [116 112 110]
 ...
 [ 37  50  50]
 [ 35  52  56]
 [ 33  50  54]]
Reshape [[110 106 104]
 [ 88  84  82]
 [116 112 110]
 ...
 [ 37  50  50]
 [ 35  52  56]
 [ 33  50  54]]
Original [[113 110 106]
 [ 86  82  78]
 [118 115 111]
 ...
 [ 41  50  50]
 [ 35  50  52]
 [ 35  50  52]]
Reshape [[113 110 106]
 [ 86  82  78]
 [118 115 111]
 ...
 [ 41  50  50]
 [ 35  50  52]
 [ 35  50  52]]
Original [[113 110 106]
 [ 84  81  77]
 [116 116 109]
 ...
 [ 36  46  44]
 [ 35  49  54]
 [ 34  48  53]]
Reshape [[113 110 106]
 [ 84  81  77]
 [116 116 109]
 ...
 [ 36  46  44]
 [ 35  49  54]
 [ 34  48  53]]
Original [[114 112 110]
 [ 83  82  80]
 [108 110 105]
 ...
 [ 37  45  49]
 [ 38  51  53]
 [ 36  48  51]]
Reshape [[114 112 110]
 [ 83  82  80]
 [108 110 105]
 ...
 [ 37  45  49]
 [ 38  51  53]
 [ 36  48  51]]
Original [[108 112 102]
 [ 81  85  75]
 [106 106  97]
 ...
 [ 34  46  51]
 [ 34  51  55]
 [ 32  48  53]]
Reshape [[108 112 102]
 [ 81  85  75]
 [106 106  97]
 ...
 [ 34  46  51]
 [ 34  51  55]
 [ 32  48  53]]
Original [[109 113 103]
 [ 81  85  75]
 [105 104  95]
 ...
 [ 38  48  51]
 [ 40  50  53]
 [ 36  47  50]]
Reshape [[109 113 103]
 [ 81  85  75]
 [105 104  95]
 ...
 [ 38  48  51]
 [ 40  50  53]
 [ 36  47  50]]
Original [[108 110  98]
 [ 83  85  73]
 [109 105  92]
 ...
 [ 38  47  53]
 [ 39  51  56]
 [ 34  46  51]]
Reshape [[108 110  98]
 [ 83  85  73]
 [109 105  92]
 ...
 [ 38  47  53]
 [ 39  51  56]
 [ 34  46  51]]
Original [[111 103  98]
 [ 94  87  81]
 [107 103  96]
 ...
 [ 42  47  51]
 [ 43  48  52]
 [ 39  45  49]]
Reshape [[111 103  98]
 [ 94  87  81]
 [107 103  96]
 ...
 [ 42  47  51]
 [ 43  48  52]
 [ 39  45  49]]
Original [[114 108 100]
 [100  94  86]
 [102 100  91]
 ...
 [ 40  47  53]
 [ 41  48  54]
 [ 37  45  50]]
Reshape [[114 108 100]
 [100  94  86]
 [102 100  91]
 ...
 [ 40  47  53]
 [ 41  48  54]
 [ 37  45  50]]
Original [[106 109 100]
 [ 90  93  83]
 [ 91  94  84]
 ...
 [ 40  48  51]
 [ 41  49  52]
 [ 36  44  47]]
Reshape [[106 109 100]
 [ 90  93  83]
 [ 91  94  84]
 ...
 [ 40  48  51]
 [ 41  49  52]
 [ 36  44  47]]
Original [[105 107 100]
 [ 88  91  84]
 [ 90  93  83]
 ...
 [ 42  47  51]
 [ 41  48  54]
 [ 34  41  47]]
Reshape [[105 107 100]
 [ 88  91  84]
 [ 90  93  83]
 ...
 [ 42  47  51]
 [ 41  48  54]
 [ 34  41  47]]
Original [[101 102 100]
 [ 90  90  88]
 [ 90  90  88]
 ...
 [ 47  48  52]
 [ 46  46  51]
 [ 41  42  46]]
Reshape [[101 102 100]
 [ 90  90  88]
 [ 90  90  88]
 ...
 [ 47  48  52]
 [ 46  46  51]
 [ 41  42  46]]
Original [[102 104  99]
 [ 93  95  90]
 [ 89  89  84]
 ...
 [ 45  47  54]
 [ 45  47  54]
 [ 40  43  49]]
Reshape [[102 104  99]
 [ 93  95  90]
 [ 89  89  84]
 ...
 [ 45  47  54]
 [ 45  47  54]
 [ 40  43  49]]
Original [[101 101 101]
 [ 93  93  93]
 [ 85  87  82]
 ...
 [ 41  49  52]
 [ 45  48  52]
 [ 41  45  49]]
Reshape [[101 101 101]
 [ 93  93  93]
 [ 85  87  82]
 ...
 [ 41  49  52]
 [ 45  48  52]
 [ 41  45  49]]
Original [[104 104 104]
 [ 94  94  94]
 [ 84  85  81]
 ...
 [ 43  48  52]
 [ 43  48  52]
 [ 37  43  46]]
Reshape [[104 104 104]
 [ 94  94  94]
 [ 84  85  81]
 ...
 [ 43  48  52]
 [ 43  48  52]
 [ 37  43  46]]
Original [[101 101 101]
 [ 95  95  95]
 [ 84  85  82]
 ...
 [ 44  46  53]
 [ 43  45  51]
 [ 37  39  46]]
Reshape [[101 101 101]
 [ 95  95  95]
 [ 84  85  82]
 ...
 [ 44  46  53]
 [ 43  45  51]
 [ 37  39  46]]
Original [[98 98 98]
 [98 98 98]
 [81 83 78]
 ...
 [41 48 54]
 [33 46 49]
 [29 41 44]]
Reshape [[98 98 98]
 [98 98 98]
 [81 83 78]
 ...
 [41 48 54]
 [33 46 49]
 [29 41 44]]
Original [[ 98  98  98]
 [104 104 104]
 [ 70  78  72]
 ...
 [ 42  47  51]
 [ 35  45  50]
 [ 32  41  47]]
Reshape [[ 98  98  98]
 [104 104 104]
 [ 70  78  72]
 ...
 [ 42  47  51]
 [ 35  45  50]
 [ 32  41  47]]
Original [[100 100 100]
 [105 105 105]
 [ 75  78  75]
 ...
 [ 38  46  50]
 [ 37  45  49]
 [ 34  42  45]]
Reshape [[100 100 100]
 [105 105 105]
 [ 75  78  75]
 ...
 [ 38  46  50]
 [ 37  45  49]
 [ 34  42  45]]
Original [[100 100 100]
 [108 108 108]
 [ 76  76  76]
 ...
 [ 41  48  54]
 [ 38  43  49]
 [ 35  39  46]]
Reshape [[100 100 100]
 [108 108 108]
 [ 76  76  76]
 ...
 [ 41  48  54]
 [ 38  43  49]
 [ 35  39  46]]
Original [[ 98  98  98]
 [111 111 111]
 [ 77  77  77]
 ...
 [ 34  47  50]
 [ 36  43  49]
 [ 33  40  46]]
Reshape [[ 98  98  98]
 [111 111 111]
 [ 77  77  77]
 ...
 [ 34  47  50]
 [ 36  43  49]
 [ 33  40  46]]
Original [[ 98  98  98]
 [111 111 111]
 [ 80  80  80]
 ...
 [ 33  45  50]
 [ 38  44  47]
 [ 35  40  44]]
Reshape [[ 98  98  98]
 [111 111 111]
 [ 80  80  80]
 ...
 [ 33  45  50]
 [ 38  44  47]
 [ 35  40  44]]
Original [[ 95  95  95]
 [105 105 105]
 [ 79  80  78]
 ...
 [ 38  46  50]
 [ 37  45  49]
 [ 32  40  43]]
Reshape [[ 95  95  95]
 [105 105 105]
 [ 79  80  78]
 ...
 [ 38  46  50]
 [ 37  45  49]
 [ 32  40  43]]
Original [[ 98  98  98]
 [106 106 106]
 [ 78  79  76]
 ...
 [ 41  45  51]
 [ 42  42  49]
 [ 38  38  44]]
Reshape [[ 98  98  98]
 [106 106 106]
 [ 78  79  76]
 ...
 [ 41  45  51]
 [ 42  42  49]
 [ 38  38  44]]
Original [[ 97  97  97]
 [106 106 106]
 [ 80  82  77]
 ...
 [ 37  45  49]
 [ 41  45  49]
 [ 36  39  43]]
Reshape [[ 97  97  97]
 [106 106 106]
 [ 80  82  77]
 ...
 [ 37  45  49]
 [ 41  45  49]
 [ 36  39  43]]
Original [[ 95  96  94]
 [101 102 100]
 [ 86  88  83]
 ...
 [ 38  46  51]
 [ 38  43  49]
 [ 35  39  46]]
Reshape [[ 95  96  94]
 [101 102 100]
 [ 86  88  83]
 ...
 [ 38  46  51]
 [ 38  43  49]
 [ 35  39  46]]
Original [[ 97  98  93]
 [100 102  97]
 [ 88  90  85]
 ...
 [ 35  46  49]
 [ 36  44  47]
 [ 32  40  43]]
Reshape [[ 97  98  93]
 [100 102  97]
 [ 88  90  85]
 ...
 [ 35  46  49]
 [ 36  44  47]
 [ 32  40  43]]
Original [[ 97  96  94]
 [102 101  99]
 [ 96  95  93]
 ...
 [ 35  45  50]
 [ 36  41  47]
 [ 34  38  44]]
Reshape [[ 97  96  94]
 [102 101  99]
 [ 96  95  93]
 ...
 [ 35  45  50]
 [ 36  41  47]
 [ 34  38  44]]
Original [[ 94  93  89]
 [100  99  95]
 [ 92  91  86]
 ...
 [ 34  43  51]
 [ 34  42  45]
 [ 33  41  44]]
Reshape [[ 94  93  89]
 [100  99  95]
 [ 92  91  86]
 ...
 [ 34  43  51]
 [ 34  42  45]
 [ 33  41  44]]
Original [[ 95  94  90]
 [101 100  96]
 [ 93  92  88]
 ...
 [ 34  46  51]
 [ 38  44  47]
 [ 35  40  44]]
Reshape [[ 95  94  90]
 [101 100  96]
 [ 93  92  88]
 ...
 [ 34  46  51]
 [ 38  44  47]
 [ 35  40  44]]
Original [[ 96  93  89]
 [106 103  99]
 [ 93  95  90]
 ...
 [ 35  47  47]
 [ 34  42  45]
 [ 33  41  44]]
Reshape [[ 96  93  89]
 [106 103  99]
 [ 93  95  90]
 ...
 [ 35  47  47]
 [ 34  42  45]
 [ 33  41  44]]
Original [[ 96  91  85]
 [107 103  96]
 [104  98  95]
 ...
 [ 38  45  46]
 [ 40  41  43]
 [ 38  39  41]]
Reshape [[ 96  91  85]
 [107 103  96]
 [104  98  95]
 ...
 [ 38  45  46]
 [ 40  41  43]
 [ 38  39  41]]
Original [[ 90  91  86]
 [100 102  97]
 [ 96  93  89]
 ...
 [ 36  45  46]
 [ 35  40  44]
 [ 32  38  42]]
Reshape [[ 90  91  86]
 [100 102  97]
 [ 96  93  89]
 ...
 [ 36  45  46]
 [ 35  40  44]
 [ 32  38  42]]
Original [[69 75 72]
 [81 87 83]
 [74 77 70]
 ...
 [35 47 47]
 [33 41 42]
 [28 37 38]]
Reshape [[69 75 72]
 [81 87 83]
 [74 77 70]
 ...
 [35 47 47]
 [33 41 42]
 [28 37 38]]
Original [[11 18 12]
 [18 25 19]
 [14 18 13]
 ...
 [36 46 44]
 [37 42 41]
 [34 39 38]]
Reshape [[11 18 12]
 [18 25 19]
 [14 18 13]
 ...
 [36 46 44]
 [37 42 41]
 [34 39 38]]
Original [[ 0  5  0]
 [ 0  6  0]
 [ 0  7  0]
 ...
 [37 43 45]
 [33 41 42]
 [33 41 42]]
Reshape [[ 0  5  0]
 [ 0  6  0]
 [ 0  7  0]
 ...
 [37 43 45]
 [33 41 42]
 [33 41 42]]
Original [[ 0  2  0]
 [ 0  2  0]
 [ 0  4  0]
 ...
 [38 42 43]
 [33 41 42]
 [32 40 41]]
Reshape [[ 0  2  0]
 [ 0  2  0]
 [ 0  4  0]
 ...
 [38 42 43]
 [33 41 42]
 [32 40 41]]
Original [[ 0  2  0]
 [ 0  2  0]
 [ 0  2  0]
 ...
 [39 44 43]
 [33 42 41]
 [32 41 40]]
Reshape [[ 0  2  0]
 [ 0  2  0]
 [ 0  2  0]
 ...
 [39 44 43]
 [33 42 41]
 [32 41 40]]
Original [[ 0  1  0]
 [ 0  1  0]
 [ 0  1  0]
 ...
 [45 46 48]
 [38 42 43]
 [37 41 42]]
Reshape [[ 0  1  0]
 [ 0  1  0]
 [ 0  1  0]
 ...
 [45 46 48]
 [38 42 43]
 [37 41 42]]
Original [[ 0  2  0]
 [ 0  2  0]
 [ 0  2  0]
 ...
 [41 45 47]
 [38 42 43]
 [34 38 40]]
Reshape [[ 0  2  0]
 [ 0  2  0]
 [ 0  2  0]
 ...
 [41 45 47]
 [38 42 43]
 [34 38 40]]
Original [[ 0  2  0]
 [ 0  2  0]
 [ 0  2  0]
 ...
 [35 43 46]
 [35 40 44]
 [34 39 43]]
Reshape [[ 0  2  0]
 [ 0  2  0]
 [ 0  2  0]
 ...
 [35 43 46]
 [35 40 44]
 [34 39 43]]
Original [[ 0  2  0]
 [ 0  2  0]
 [ 0  2  0]
 ...
 [34 41 47]
 [34 38 44]
 [34 38 44]]
Reshape [[ 0  2  0]
 [ 0  2  0]
 [ 0  2  0]
 ...
 [34 41 47]
 [34 38 44]
 [34 38 44]]
Original [[ 0  1  0]
 [ 0  1  0]
 [ 0  1  0]
 ...
 [34 43 43]
 [34 39 43]
 [34 39 43]]
Reshape [[ 0  1  0]
 [ 0  1  0]
 [ 0  1  0]
 ...
 [34 43 43]
 [34 39 43]
 [34 39 43]]
Original [[ 0  2  0]
 [ 0  2  0]
 [ 0  2  0]
 ...
 [29 42 42]
 [27 41 41]
 [27 41 41]]
Reshape [[ 0  2  0]
 [ 0  2  0]
 [ 0  2  0]
 ...
 [29 42 42]
 [27 41 41]
 [27 41 41]]
Original [[ 0  2  0]
 [ 0  2  0]
 [ 0  2  0]
 ...
 [28 40 38]
 [28 38 36]
 [30 40 38]]
Reshape [[ 0  2  0]
 [ 0  2  0]
 [ 0  2  0]
 ...
 [28 40 38]
 [28 38 36]
 [30 40 38]]
Original [[ 0  2  0]
 [ 0  2  0]
 [ 0  2  0]
 ...
 [34 38 40]
 [27 38 39]
 [26 37 38]]
Reshape [[ 0  2  0]
 [ 0  2  0]
 [ 0  2  0]
 ...
 [34 38 40]
 [27 38 39]
 [26 37 38]]
Original [[ 0  1  0]
 [ 0  1  0]
 [ 0  1  0]
 ...
 [36 38 40]
 [33 37 39]
 [32 36 38]]
Reshape [[ 0  1  0]
 [ 0  1  0]
 [ 0  1  0]
 ...
 [36 38 40]
 [33 37 39]
 [32 36 38]]
Original [[ 0  2  0]
 [ 0  2  0]
 [ 0  2  0]
 ...
 [33 36 42]
 [30 38 42]
 [28 36 39]]
Reshape [[ 0  2  0]
 [ 0  2  0]
 [ 0  2  0]
 ...
 [33 36 42]
 [30 38 42]
 [28 36 39]]
Original [[ 0  2  0]
 [ 0  2  0]
 [ 0  2  0]
 ...
 [36 39 43]
 [32 40 43]
 [28 36 39]]
Reshape [[ 0  2  0]
 [ 0  2  0]
 [ 0  2  0]
 ...
 [36 39 43]
 [32 40 43]
 [28 36 39]]
Original [[ 0  2  0]
 [ 0  2  0]
 [ 0  2  0]
 ...
 [34 38 42]
 [32 38 42]
 [30 36 39]]
Reshape [[ 0  2  0]
 [ 0  2  0]
 [ 0  2  0]
 ...
 [34 38 42]
 [32 38 42]
 [30 36 39]]
Original [[ 0  1  0]
 [ 0  1  0]
 [ 0  1  0]
 ...
 [38 38 44]
 [34 38 44]
 [32 37 43]]
Reshape [[ 0  1  0]
 [ 0  1  0]
 [ 0  1  0]
 ...
 [38 38 44]
 [34 38 44]
 [32 37 43]]
Original [[ 0  2  0]
 [ 0  2  0]
 [ 0  2  0]
 ...
 [34 37 43]
 [32 39 44]
 [28 35 41]]
Reshape [[ 0  2  0]
 [ 0  2  0]
 [ 0  2  0]
 ...
 [34 37 43]
 [32 39 44]
 [28 35 41]]
Original [[ 0  2  0]
 [ 0  2  0]
 [ 0  2  0]
 ...
 [32 40 43]
 [29 37 40]
 [28 36 39]]
Reshape [[ 0  2  0]
 [ 0  2  0]
 [ 0  2  0]
 ...
 [32 40 43]
 [29 37 40]
 [28 36 39]]
Original [[ 0  2  0]
 [ 0  2  0]
 [ 0  2  0]
 ...
 [32 38 42]
 [34 39 43]
 [31 37 40]]
Reshape [[ 0  2  0]
 [ 0  2  0]
 [ 0  2  0]
 ...
 [32 38 42]
 [34 39 43]
 [31 37 40]]
Original [[ 0  1  0]
 [ 0  1  0]
 [ 0  1  0]
 ...
 [34 38 44]
 [31 36 42]
 [30 35 41]]
Reshape [[ 0  1  0]
 [ 0  1  0]
 [ 0  1  0]
 ...
 [34 38 44]
 [31 36 42]
 [30 35 41]]
Original [[ 0  2  0]
 [ 0  2  0]
 [ 0  2  0]
 ...
 [34 38 42]
 [30 36 39]
 [28 33 37]]
Reshape [[ 0  2  0]
 [ 0  2  0]
 [ 0  2  0]
 ...
 [34 38 42]
 [30 36 39]
 [28 33 37]]
Original [[ 0  2  0]
 [ 0  2  0]
 [ 0  2  0]
 ...
 [33 37 39]
 [32 35 39]
 [31 34 38]]
Reshape [[ 0  2  0]
 [ 0  2  0]
 [ 0  2  0]
 ...
 [33 37 39]
 [32 35 39]
 [31 34 38]]
Original [[ 0  2  0]
 [ 0  2  0]
 [ 0  2  0]
 ...
 [32 36 38]
 [32 36 38]
 [33 37 39]]
Reshape [[ 0  2  0]
 [ 0  2  0]
 [ 0  2  0]
 ...
 [32 36 38]
 [32 36 38]
 [33 37 39]]
Original [[ 0  1  0]
 [ 0  1  0]
 [ 0  1  0]
 ...
 [32 39 40]
 [31 38 39]
 [29 35 37]]
Reshape [[ 0  1  0]
 [ 0  1  0]
 [ 0  1  0]
 ...
 [32 39 40]
 [31 38 39]
 [29 35 37]]
Original [[ 0  2  0]
 [ 0  2  0]
 [ 0  2  0]
 ...
 [32 40 41]
 [26 40 40]
 [24 38 38]]
Reshape [[ 0  2  0]
 [ 0  2  0]
 [ 0  2  0]
 ...
 [32 40 41]
 [26 40 40]
 [24 38 38]]
Original [[ 0  2  0]
 [ 0  2  0]
 [ 0  2  0]
 ...
 [27 43 42]
 [25 41 41]
 [22 38 38]]
Reshape [[ 0  2  0]
 [ 0  2  0]
 [ 0  2  0]
 ...
 [27 43 42]
 [25 41 41]
 [22 38 38]]
Original [[ 0  2  0]
 [ 0  2  0]
 [ 0  2  0]
 ...
 [24 41 38]
 [23 40 37]
 [22 39 36]]
Reshape [[ 0  2  0]
 [ 0  2  0]
 [ 0  2  0]
 ...
 [24 41 38]
 [23 40 37]
 [22 39 36]]
Original [[ 0  1  0]
 [ 0  1  0]
 [ 0  1  0]
 ...
 [25 41 41]
 [31 38 39]
 [30 36 38]]
Reshape [[ 0  1  0]
 [ 0  1  0]
 [ 0  1  0]
 ...
 [25 41 41]
 [31 38 39]
 [30 36 38]]
Original [[ 0  2  0]
 [ 0  2  0]
 [ 0  2  0]
 ...
 [25 39 39]
 [28 37 38]
 [27 36 37]]
Reshape [[ 0  2  0]
 [ 0  2  0]
 [ 0  2  0]
 ...
 [25 39 39]
 [28 37 38]
 [27 36 37]]
Original [[ 0  2  0]
 [ 0  2  0]
 [ 0  2  0]
 ...
 [29 42 40]
 [31 38 37]
 [30 37 36]]
Reshape [[ 0  2  0]
 [ 0  2  0]
 [ 0  2  0]
 ...
 [29 42 40]
 [31 38 37]
 [30 37 36]]
Original [[ 0  1  0]
 [ 0  1  0]
 [ 0  1  0]
 ...
 [34 40 41]
 [32 39 40]
 [30 36 38]]
Reshape [[ 0  1  0]
 [ 0  1  0]
 [ 0  1  0]
 ...
 [34 40 41]
 [32 39 40]
 [30 36 38]]
Original [[ 0  2  0]
 [ 0  2  0]
 [ 0  2  0]
 ...
 [33 41 42]
 [36 40 41]
 [32 36 38]]
Reshape [[ 0  2  0]
 [ 0  2  0]
 [ 0  2  0]
 ...
 [33 41 42]
 [36 40 41]
 [32 36 38]]
Original [[ 0  1  0]
 [ 0  1  0]
 [ 0  2  0]
 ...
 [25 38 40]
 [34 40 41]
 [31 38 39]]
Reshape [[ 0  1  0]
 [ 0  1  0]
 [ 0  2  0]
 ...
 [25 38 40]
 [34 40 41]
 [31 38 39]]
Original [[ 0  2  0]
 [ 0  2  0]
 [ 0  2  0]
 ...
 [21 39 40]
 [32 39 44]
 [28 35 41]]
Reshape [[ 0  2  0]
 [ 0  2  0]
 [ 0  2  0]
 ...
 [21 39 40]
 [32 39 44]
 [28 35 41]]
Original [[ 0  2  0]
 [ 0  2  0]
 [ 0  1  0]
 ...
 [21 38 42]
 [34 38 42]
 [29 32 36]]
Reshape [[ 0  2  0]
 [ 0  2  0]
 [ 0  1  0]
 ...
 [21 38 42]
 [34 38 42]
 [29 32 36]]
Original [[ 0  3  0]
 [ 0  3  0]
 [ 0  2  0]
 ...
 [21 38 42]
 [28 35 41]
 [25 32 37]]
Reshape [[ 0  3  0]
 [ 0  3  0]
 [ 0  2  0]
 ...
 [21 38 42]
 [28 35 41]
 [25 32 37]]
Original [[ 0  2  0]
 [ 0  2  0]
 [ 0  2  0]
 ...
 [30 38 42]
 [31 37 40]
 [29 34 38]]
Reshape [[ 0  2  0]
 [ 0  2  0]
 [ 0  2  0]
 ...
 [30 38 42]
 [31 37 40]
 [29 34 38]]
Original [[ 0  2  0]
 [ 0  2  0]
 [ 0  2  0]
 ...
 [26 36 41]
 [33 36 42]
 [32 34 41]]
Reshape [[ 0  2  0]
 [ 0  2  0]
 [ 0  2  0]
 ...
 [26 36 41]
 [33 36 42]
 [32 34 41]]
Original [[ 0  1  0]
 [ 0  1  0]
 [ 0  1  0]
 ...
 [32 35 39]
 [34 35 39]
 [33 34 38]]
Reshape [[ 0  1  0]
 [ 0  1  0]
 [ 0  1  0]
 ...
 [32 35 39]
 [34 35 39]
 [33 34 38]]
Original [[ 0  2  0]
 [ 0  2  0]
 [ 0  2  0]
 ...
 [28 35 41]
 [32 34 41]
 [32 34 41]]
Reshape [[ 0  2  0]
 [ 0  2  0]
 [ 0  2  0]
 ...
 [28 35 41]
 [32 34 41]
 [32 34 41]]
Original [[ 0  2  0]
 [ 0  2  0]
 [ 0  2  0]
 ...
 [32 35 39]
 [34 38 42]
 [37 40 44]]
Reshape [[ 0  2  0]
 [ 0  2  0]
 [ 0  2  0]
 ...
 [32 35 39]
 [34 38 42]
 [37 40 44]]
Original [[ 0  2  0]
 [ 0  2  0]
 [ 0  2  0]
 ...
 [34 34 48]
 [38 38 51]
 [38 38 51]]
Reshape [[ 0  2  0]
 [ 0  2  0]
 [ 0  2  0]
 ...
 [34 34 48]
 [38 38 51]
 [38 38 51]]
Original [[ 0  1  0]
 [ 0  1  0]
 [ 0  1  0]
 ...
 [45 40 61]
 [45 40 61]
 [39 34 55]]
Reshape [[ 0  1  0]
 [ 0  1  0]
 [ 0  1  0]
 ...
 [45 40 61]
 [45 40 61]
 [39 34 55]]
Original [[ 0  2  0]
 [ 0  2  0]
 [ 0  2  0]
 ...
 [36 26 55]
 [34 29 59]
 [36 30 60]]
Reshape [[ 0  2  0]
 [ 0  2  0]
 [ 0  2  0]
 ...
 [36 26 55]
 [34 29 59]
 [36 30 60]]
Original [[ 0  2  0]
 [ 0  2  0]
 [ 0  2  0]
 ...
 [43 33 75]
 [43 32 64]
 [48 37 68]]
Reshape [[ 0  2  0]
 [ 0  2  0]
 [ 0  2  0]
 ...
 [43 33 75]
 [43 32 64]
 [48 37 68]]
Original [[ 0  2  0]
 [ 0  2  0]
 [ 0  2  0]
 ...
 [51 43 87]
 [57 42 86]
 [62 47 90]]
Reshape [[ 0  2  0]
 [ 0  2  0]
 [ 0  2  0]
 ...
 [51 43 87]
 [57 42 86]
 [62 47 90]]
Original [[ 0  1  0]
 [ 0  1  0]
 [ 0  1  0]
 ...
 [57 44 90]
 [58 43 89]
 [57 42 87]]
Reshape [[ 0  1  0]
 [ 0  1  0]
 [ 0  1  0]
 ...
 [57 44 90]
 [58 43 89]
 [57 42 87]]
Original [[ 0  2  0]
 [ 0  2  0]
 [ 0  2  0]
 ...
 [57 42 87]
 [57 42 87]
 [56 40 86]]
Reshape [[ 0  2  0]
 [ 0  2  0]
 [ 0  2  0]
 ...
 [57 42 87]
 [57 42 87]
 [56 40 86]]
Original [[ 0  2  0]
 [ 0  2  0]
 [ 0  2  0]
 ...
 [48 38 83]
 [55 41 82]
 [50 36 77]]
Reshape [[ 0  2  0]
 [ 0  2  0]
 [ 0  2  0]
 ...
 [48 38 83]
 [55 41 82]
 [50 36 77]]
Original [[ 0  2  0]
 [ 0  2  0]
 [ 0  2  0]
 ...
 [44 35 75]
 [49 36 74]
 [45 32 71]]
Reshape [[ 0  2  0]
 [ 0  2  0]
 [ 0  2  0]
 ...
 [44 35 75]
 [49 36 74]
 [45 32 71]]
Original [[ 0  1  0]
 [ 0  1  0]
 [ 0  1  0]
 ...
 [47 34 70]
 [47 34 70]
 [44 32 68]]
Reshape [[ 0  1  0]
 [ 0  1  0]
 [ 0  1  0]
 ...
 [47 34 70]
 [47 34 70]
 [44 32 68]]
Original [[ 0  2  0]
 [ 0  2  0]
 [ 0  2  0]
 ...
 [47 36 67]
 [45 34 68]
 [43 32 65]]
Reshape [[ 0  2  0]
 [ 0  2  0]
 [ 0  2  0]
 ...
 [47 36 67]
 [45 34 68]
 [43 32 65]]
Original [[ 0  2  0]
 [ 0  2  0]
 [ 0  2  0]
 ...
 [43 32 65]
 [40 32 63]
 [39 31 61]]
Reshape [[ 0  2  0]
 [ 0  2  0]
 [ 0  2  0]
 ...
 [43 32 65]
 [40 32 63]
 [39 31 61]]
Original [[ 0  2  0]
 [ 0  2  0]
 [ 0  2  0]
 ...
 [42 31 63]
 [40 28 62]
 [40 28 62]]
Reshape [[ 0  2  0]
 [ 0  2  0]
 [ 0  2  0]
 ...
 [42 31 63]
 [40 28 62]
 [40 28 62]]
Original [[ 0  1  0]
 [ 0  1  0]
 [ 0  1  0]
 ...
 [41 29 65]
 [41 29 65]
 [40 27 64]]
Reshape [[ 0  1  0]
 [ 0  1  0]
 [ 0  1  0]
 ...
 [41 29 65]
 [41 29 65]
 [40 27 64]]
Original [[ 3  8  7]
 [ 0  4  3]
 [ 0  3  2]
 ...
 [42 30 66]
 [43 31 67]
 [42 30 66]]
Reshape [[ 3  8  7]
 [ 0  4  3]
 [ 0  3  2]
 ...
 [42 30 66]
 [43 31 67]
 [42 30 66]]
Original [[ 2  9  8]
 [ 1  8  7]
 [ 1  8  7]
 ...
 [47 34 70]
 [45 32 71]
 [42 29 67]]
Reshape [[ 2  9  8]
 [ 1  8  7]
 [ 1  8  7]
 ...
 [47 34 70]
 [45 32 71]
 [42 29 67]]
Original [[ 4  9  8]
 [ 4  9  8]
 [ 4  9  8]
 ...
 [51 35 76]
 [47 33 69]
 [44 29 66]]
Reshape [[ 4  9  8]
 [ 4  9  8]
 [ 4  9  8]
 ...
 [51 35 76]
 [47 33 69]
 [44 29 66]]
Original [[ 4  9  8]
 [ 5 10  9]
 [ 6 11 10]
 ...
 [49 32 74]
 [46 30 71]
 [42 25 67]]
Reshape [[ 4  9  8]
 [ 5 10  9]
 [ 6 11 10]
 ...
 [49 32 74]
 [46 30 71]
 [42 25 67]]
Original [[ 5 12  6]
 [ 5 12  6]
 [ 8 11 10]
 ...
 [43 27 68]
 [43 27 68]
 [39 23 64]]
Reshape [[ 5 12  6]
 [ 5 12  6]
 [ 8 11 10]
 ...
 [43 27 68]
 [43 27 68]
 [39 23 64]]
Original [[ 8 14  8]
 [ 6 13  7]
 [12 12 10]
 ...
 [37 23 64]
 [38 25 66]
 [37 23 64]]
Reshape [[ 8 14  8]
 [ 6 13  7]
 [12 12 10]
 ...
 [37 23 64]
 [38 25 66]
 [37 23 64]]
Original [[14 15 12]
 [14 15 12]
 [14 14 14]
 ...
 [37 23 66]
 [38 23 69]
 [38 23 69]]
Reshape [[14 15 12]
 [14 15 12]
 [14 14 14]
 ...
 [37 23 66]
 [38 23 69]
 [38 23 69]]
Original [[13 14 10]
 [15 17 12]
 [16 17 15]
 ...
 [37 24 63]
 [40 25 68]
 [37 23 66]]
Reshape [[13 14 10]
 [15 17 12]
 [16 17 15]
 ...
 [37 24 63]
 [40 25 68]
 [37 23 66]]
Original [[14 16 11]
 [15 17 12]
 [16 18 13]
 ...
 [36 24 60]
 [34 26 64]
 [34 26 64]]
Reshape [[14 16 11]
 [15 17 12]
 [16 18 13]
 ...
 [36 24 60]
 [34 26 64]
 [34 26 64]]
Original [[11 18 12]
 [10 16 11]
 [ 9 15 10]
 ...
 [34 22 58]
 [34 23 62]
 [36 26 64]]
Reshape [[11 18 12]
 [10 16 11]
 [ 9 15 10]
 ...
 [34 22 58]
 [34 23 62]
 [36 26 64]]
Original [[14 18 13]
 [14 18 13]
 [12 15 12]
 ...
 [33 20 57]
 [36 25 58]
 [37 26 60]]
Reshape [[14 18 13]
 [14 18 13]
 [12 15 12]
 ...
 [33 20 57]
 [36 25 58]
 [37 26 60]]
Original [[16 20 10]
 [16 20 10]
 [16 19 12]
 ...
 [38 19 49]
 [37 21 53]
 [34 19 51]]
Reshape [[16 20 10]
 [16 20 10]
 [16 19 12]
 ...
 [38 19 49]
 [37 21 53]
 [34 19 51]]
Original [[18 18 12]
 [18 18 12]
 [16 20 10]
 ...
 [40 18 42]
 [37 19 45]
 [35 17 43]]
Reshape [[18 18 12]
 [18 18 12]
 [16 20 10]
 ...
 [40 18 42]
 [37 19 45]
 [35 17 43]]
Original [[20 19 10]
 [20 19 10]
 [19 20 11]
 ...
 [36 22 45]
 [33 20 45]
 [31 18 43]]
Reshape [[20 19 10]
 [20 19 10]
 [19 20 11]
 ...
 [36 22 45]
 [33 20 45]
 [31 18 43]]
Original [[16 19 12]
 [16 19 12]
 [19 20 15]
 ...
 [33 24 49]
 [31 24 46]
 [27 19 41]]
Reshape [[16 19 12]
 [16 19 12]
 [19 20 15]
 ...
 [33 24 49]
 [31 24 46]
 [27 19 41]]
Original [[14 20 10]
 [15 21 11]
 [21 21 12]
 ...
 [33 24 49]
 [31 23 47]
 [27 19 43]]
Reshape [[14 20 10]
 [15 21 11]
 [21 21 12]
 ...
 [33 24 49]
 [31 23 47]
 [27 19 43]]
Original [[19 20 13]
 [21 21 14]
 [21 21 14]
 ...
 [32 20 49]
 [28 19 45]
 [24 16 42]]
Reshape [[19 20 13]
 [21 21 14]
 [21 21 14]
 ...
 [32 20 49]
 [28 19 45]
 [24 16 42]]
Original [[19 20 15]
 [19 20 15]
 [17 19 14]
 ...
 [28 18 47]
 [27 17 46]
 [24 15 44]]
Reshape [[19 20 15]
 [19 20 15]
 [17 19 14]
 ...
 [28 18 47]
 [27 17 46]
 [24 15 44]]
Original [[17 19 14]
 [17 19 14]
 [17 18 16]
 ...
 [29 19 41]
 [26 16 45]
 [24 15 44]]
Reshape [[17 19 14]
 [17 19 14]
 [17 18 16]
 ...
 [29 19 41]
 [26 16 45]
 [24 15 44]]
Original [[14 19 12]
 [17 21 14]
 [15 21 15]
 ...
 [24 17 39]
 [24 16 40]
 [24 16 40]]
Reshape [[14 19 12]
 [17 21 14]
 [15 21 15]
 ...
 [24 17 39]
 [24 16 40]
 [24 16 40]]
Original [[11 23 14]
 [11 23 14]
 [ 8 19 13]
 ...
 [26 18 40]
 [24 19 40]
 [22 18 39]]
Reshape [[11 23 14]
 [11 23 14]
 [ 8 19 13]
 ...
 [26 18 40]
 [24 19 40]
 [22 18 39]]
Original [[16 23 15]
 [15 22 14]
 [13 20 14]
 ...
 [28 21 42]
 [28 21 42]
 [26 18 40]]
Reshape [[16 23 15]
 [15 22 14]
 [13 20 14]
 ...
 [28 21 42]
 [28 21 42]
 [26 18 40]]
Original [[22 22 15]
 [22 22 15]
 [19 20 15]
 ...
 [29 20 47]
 [29 20 47]
 [28 19 45]]
Reshape [[22 22 15]
 [22 22 15]
 [19 20 15]
 ...
 [29 20 47]
 [29 20 47]
 [28 19 45]]
Original [[25 23 15]
 [24 22 13]
 [18 19 10]
 ...
 [29 19 48]
 [31 19 48]
 [32 20 49]]
Reshape [[25 23 15]
 [24 22 13]
 [18 19 10]
 ...
 [29 19 48]
 [31 19 48]
 [32 20 49]]
Original [[20 23 13]
 [19 22 12]
 [16 19 12]
 ...
 [25 21 47]
 [29 20 47]
 [29 20 47]]
Reshape [[20 23 13]
 [19 22 12]
 [16 19 12]
 ...
 [25 21 47]
 [29 20 47]
 [29 20 47]]
Original [[20 21 17]
 [19 20 15]
 [17 19 14]
 ...
 [23 20 50]
 [27 19 50]
 [27 19 50]]
Reshape [[20 21 17]
 [19 20 15]
 [17 19 14]
 ...
 [23 20 50]
 [27 19 50]
 [27 19 50]]
Original [[19 19 17]
 [17 18 16]
 [16 17 15]
 ...
 [24 20 45]
 [26 19 45]
 [26 19 45]]
Reshape [[19 19 17]
 [17 18 16]
 [16 17 15]
 ...
 [24 20 45]
 [26 19 45]
 [26 19 45]]
Original [[21 21 14]
 [21 21 14]
 [19 19 14]
 ...
 [24 21 44]
 [23 19 43]
 [22 18 42]]
Reshape [[21 21 14]
 [21 21 14]
 [19 19 14]
 ...
 [24 21 44]
 [23 19 43]
 [22 18 42]]
Original [[23 21 12]
 [23 21 12]
 [17 19 14]
 ...
 [18 20 40]
 [22 18 42]
 [20 17 40]]
Reshape [[23 21 12]
 [23 21 12]
 [17 19 14]
 ...
 [18 20 40]
 [22 18 42]
 [20 17 40]]
Original [[24 19 13]
 [24 19 13]
 [21 20 15]
 ...
 [22 18 39]
 [22 19 40]
 [23 20 41]]
Reshape [[24 19 13]
 [24 19 13]
 [21 20 15]
 ...
 [22 18 39]
 [22 19 40]
 [23 20 41]]
Original [[24 21 15]
 [24 21 15]
 [24 21 15]
 ...
 [24 17 39]
 [24 19 40]
 [26 21 42]]
Reshape [[24 21 15]
 [24 21 15]
 [24 21 15]
 ...
 [24 17 39]
 [24 19 40]
 [26 21 42]]
Original [[19 19 14]
 [18 18 13]
 [21 19 13]
 ...
 [24 17 39]
 [25 20 41]
 [27 22 43]]
Reshape [[19 19 14]
 [18 18 13]
 [21 19 13]
 ...
 [24 17 39]
 [25 20 41]
 [27 22 43]]
Original [[19 20 15]
 [17 19 14]
 [18 18 13]
 ...
 [27 19 43]
 [28 20 44]
 [28 20 44]]
Reshape [[19 20 15]
 [17 19 14]
 [18 18 13]
 ...
 [27 19 43]
 [28 20 44]
 [28 20 44]]
Original [[21 20 15]
 [21 20 15]
 [17 18 16]
 ...
 [26 17 42]
 [26 17 42]
 [24 16 40]]
Reshape [[21 20 15]
 [21 20 15]
 [17 18 16]
 ...
 [26 17 42]
 [26 17 42]
 [24 16 40]]
Original [[24 25 16]
 [24 25 16]
 [21 24 15]
 ...
 [21 14 42]
 [17 15 42]
 [17 15 42]]
Reshape [[24 25 16]
 [24 25 16]
 [21 24 15]
 ...
 [21 14 42]
 [17 15 42]
 [17 15 42]]
Original [[24 24 17]
 [24 24 17]
 [24 25 16]
 ...
 [17 13 39]
 [15 14 37]
 [14 13 36]]
Reshape [[24 24 17]
 [24 24 17]
 [24 25 16]
 ...
 [17 13 39]
 [15 14 37]
 [14 13 36]]
Original [[21 20 15]
 [21 20 15]
 [22 22 15]
 ...
 [15 13 31]
 [15 13 31]
 [12 11 29]]
Reshape [[21 20 15]
 [21 20 15]
 [22 22 15]
 ...
 [15 13 31]
 [15 13 31]
 [12 11 29]]
Original [[17 18 16]
 [17 18 16]
 [21 22 19]
 ...
 [19 12 31]
 [19 12 31]
 [15  9 28]]
Reshape [[17 18 16]
 [17 18 16]
 [21 22 19]
 ...
 [19 12 31]
 [19 12 31]
 [15  9 28]]
Original [[21 20 15]
 [21 20 15]
 [22 21 17]
 ...
 [19 12 31]
 [17 11 30]
 [14  7 27]]
Reshape [[21 20 15]
 [21 20 15]
 [22 21 17]
 ...
 [19 12 31]
 [17 11 30]
 [14  7 27]]
Original [[22 21 17]
 [19 19 14]
 [21 20 15]
 ...
 [17 13 30]
 [16 11 27]
 [12  6 23]]
Reshape [[22 21 17]
 [19 19 14]
 [21 20 15]
 ...
 [17 13 30]
 [16 11 27]
 [12  6 23]]
Original [[22 21 17]
 [19 19 14]
 [19 19 14]
 ...
 [13 12 30]
 [11  9 28]
 [ 8  6 24]]
Reshape [[22 21 17]
 [19 19 14]
 [19 19 14]
 ...
 [13 12 30]
 [11  9 28]
 [ 8  6 24]]
Original [[24 21 17]
 [23 19 15]
 [23 19 15]
 ...
 [14 10 29]
 [13  9 28]
 [11  7 26]]
Reshape [[24 21 17]
 [23 19 15]
 [23 19 15]
 ...
 [14 10 29]
 [13  9 28]
 [11  7 26]]
Original [[22 22 15]
 [21 21 14]
 [26 22 13]
 ...
 [12 11 27]
 [11 11 25]
 [ 8  8 21]]
Reshape [[22 22 15]
 [21 21 14]
 [26 22 13]
 ...
 [12 11 27]
 [11 11 25]
 [ 8  8 21]]
Original [[23 25 20]
 [22 24 19]
 [25 23 15]
 ...
 [12 11 29]
 [10 10 24]
 [ 5  5 19]]
Reshape [[23 25 20]
 [22 24 19]
 [25 23 15]
 ...
 [12 11 29]
 [10 10 24]
 [ 5  5 19]]
Original [[25 25 18]
 [25 25 18]
 [23 23 16]
 ...
 [11 10 26]
 [ 9  8 24]
 [ 6  6 22]]
Reshape [[25 25 18]
 [25 25 18]
 [23 23 16]
 ...
 [11 10 26]
 [ 9  8 24]
 [ 6  6 22]]
Original [[24 21 17]
 [25 22 18]
 [25 23 16]
 ...
 [13 10 26]
 [12  9 25]
 [ 8  5 22]]
Reshape [[24 21 17]
 [25 22 18]
 [25 23 16]
 ...
 [13 10 26]
 [12  9 25]
 [ 8  5 22]]
Original [[26 22 13]
 [24 20 11]
 [25 21 12]
 ...
 [15  9 26]
 [14  9 24]
 [13  8 22]]
Reshape [[26 22 13]
 [24 20 11]
 [25 21 12]
 ...
 [15  9 26]
 [14  9 24]
 [13  8 22]]
Original [[26 25 16]
 [25 23 15]
 [29 22 16]
 ...
 [19 11 33]
 [17 11 30]
 [17 11 30]]
Reshape [[26 25 16]
 [25 23 15]
 [29 22 16]
 ...
 [19 11 33]
 [17 11 30]
 [17 11 30]]
Original [[27 25 18]
 [27 25 18]
 [30 22 19]
 ...
 [22 15 36]
 [22 14 38]
 [23 15 39]]
Reshape [[27 25 18]
 [27 25 18]
 [30 22 19]
 ...
 [22 15 36]
 [22 14 38]
 [23 15 39]]
Original [[27 25 18]
 [26 24 17]
 [22 23 21]
 ...
 [22 15 36]
 [23 14 41]
 [27 18 44]]
Reshape [[27 25 18]
 [26 24 17]
 [22 23 21]
 ...
 [22 15 36]
 [23 14 41]
 [27 18 44]]
Original [[26 26 21]
 [23 22 18]
 [22 21 17]
 ...
 [22 15 36]
 [26 16 40]
 [30 19 44]]
Reshape [[26 26 21]
 [23 22 18]
 [22 21 17]
 ...
 [22 15 36]
 [26 16 40]
 [30 19 44]]
Original [[23 27 17]
 [21 24 15]
 [20 22 15]
 ...
 [24 14 36]
 [24 14 36]
 [30 20 42]]
Reshape [[23 27 17]
 [21 24 15]
 [20 22 15]
 ...
 [24 14 36]
 [24 14 36]
 [30 20 42]]
Original [[25 25 18]
 [24 24 17]
 [22 25 17]
 ...
 [20 12 34]
 [23 16 38]
 [28 21 42]]
Reshape [[25 25 18]
 [24 24 17]
 [22 25 17]
 ...
 [20 12 34]
 [23 16 38]
 [28 21 42]]
Original [[25 25 18]
 [24 24 17]
 [23 26 18]
 ...
 [22 15 36]
 [26 14 44]
 [30 18 47]]
Reshape [[25 25 18]
 [24 24 17]
 [23 26 18]
 ...
 [22 15 36]
 [26 14 44]
 [30 18 47]]
Original [[24 25 16]
 [23 24 15]
 [25 23 15]
 ...
 [18 18 39]
 [27 17 46]
 [30 21 49]]
Reshape [[24 25 16]
 [23 24 15]
 [25 23 15]
 ...
 [18 18 39]
 [27 17 46]
 [30 21 49]]
Original [[26 26 20]
 [25 25 18]
 [27 25 18]
 ...
 [16 17 42]
 [27 18 44]
 [31 22 49]]
Reshape [[26 26 20]
 [25 25 18]
 [27 25 18]
 ...
 [16 17 42]
 [27 18 44]
 [31 22 49]]
Original [[26 29 19]
 [24 28 18]
 [25 26 17]
 ...
 [20 17 40]
 [27 17 46]
 [31 22 51]]
Reshape [[26 29 19]
 [24 28 18]
 [25 26 17]
 ...
 [20 17 40]
 [27 17 46]
 [31 22 51]]
Original [[24 27 20]
 [23 26 18]
 [22 25 17]
 ...
 [24 16 40]
 [28 17 49]
 [29 19 50]]
Reshape [[24 27 20]
 [23 26 18]
 [22 25 17]
 ...
 [24 16 40]
 [28 17 49]
 [29 19 50]]
Original [[25 26 17]
 [25 26 17]
 [23 27 17]
 ...
 [24 17 39]
 [27 18 44]
 [27 18 44]]
Reshape [[25 26 17]
 [25 26 17]
 [23 27 17]
 ...
 [24 17 39]
 [27 18 44]
 [27 18 44]]
Original [[25 25 18]
 [24 24 17]
 [25 25 18]
 ...
 [24 16 40]
 [27 17 46]
 [27 17 46]]
Reshape [[25 25 18]
 [24 24 17]
 [25 25 18]
 ...
 [24 16 40]
 [27 17 46]
 [27 17 46]]
Original [[24 27 20]
 [22 25 17]
 [21 23 16]
 ...
 [24 17 39]
 [24 16 40]
 [24 16 40]]
Reshape [[24 27 20]
 [22 25 17]
 [21 23 16]
 ...
 [24 17 39]
 [24 16 40]
 [24 16 40]]
Original [[23 27 17]
 [22 25 16]
 [21 24 15]
 ...
 [15 12 33]
 [17 10 32]
 [17 10 32]]
Reshape [[23 27 17]
 [22 25 16]
 [21 24 15]
 ...
 [15 12 33]
 [17 10 32]
 [17 10 32]]
Original [[23 27 17]
 [23 27 17]
 [22 25 16]
 ...
 [12  7 21]
 [12  7 21]
 [14  9 24]]
Reshape [[23 27 17]
 [23 27 17]
 [22 25 16]
 ...
 [12  7 21]
 [12  7 21]
 [14  9 24]]
Original [[24 25 16]
 [23 24 15]
 [22 23 13]
 ...
 [ 9  6 16]
 [ 5  6 17]
 [ 9 10 21]]
Reshape [[24 25 16]
 [23 24 15]
 [22 23 13]
 ...
 [ 9  6 16]
 [ 5  6 17]
 [ 9 10 21]]
Original [[22 24 19]
 [21 23 18]
 [19 20 15]
 ...
 [ 7  6 16]
 [ 8  8 17]
 [14 13 23]]
Reshape [[22 24 19]
 [21 23 18]
 [19 20 15]
 ...
 [ 7  6 16]
 [ 8  8 17]
 [14 13 23]]
Original [[24 27 13]
 [24 27 13]
 [22 23 13]
 ...
 [ 2  6 15]
 [ 6  7 18]
 [12 13 24]]
Reshape [[24 27 13]
 [24 27 13]
 [22 23 13]
 ...
 [ 2  6 15]
 [ 6  7 18]
 [12 13 24]]
Original [[25 26 17]
 [26 27 18]
 [24 24 17]
 ...
 [ 5  6 17]
 [ 6  6 20]
 [11 11 25]]
Reshape [[25 26 17]
 [26 27 18]
 [24 24 17]
 ...
 [ 5  6 17]
 [ 6  6 20]
 [11 11 25]]
Original [[23 26 18]
 [24 27 20]
 [26 26 21]
 ...
 [ 5  7 16]
 [10  7 21]
 [14 12 26]]
Reshape [[23 26 18]
 [24 27 20]
 [26 26 21]
 ...
 [ 5  7 16]
 [10  7 21]
 [14 12 26]]
Original [[24 25 23]
 [24 25 23]
 [24 25 23]
 ...
 [10  6 20]
 [12  7 21]
 [17 13 27]]
Reshape [[24 25 23]
 [24 25 23]
 [24 25 23]
 ...
 [10  6 20]
 [12  7 21]
 [17 13 27]]
Original [[27 25 18]
 [27 25 18]
 [22 24 19]
 ...
 [ 7  5 19]
 [10  6 24]
 [15 11 30]]
Reshape [[27 25 18]
 [27 25 18]
 [22 24 19]
 ...
 [ 7  5 19]
 [10  6 24]
 [15 11 30]]
Original [[25 23 16]
 [27 25 18]
 [22 24 19]
 ...
 [ 7  5 19]
 [12  9 25]
 [17 13 30]]
Reshape [[25 23 16]
 [27 25 18]
 [22 24 19]
 ...
 [ 7  5 19]
 [12  9 25]
 [17 13 30]]
Original [[28 25 21]
 [27 24 20]
 [22 24 19]
 ...
 [10  6 20]
 [14  7 27]
 [19 12 31]]
Reshape [[28 25 21]
 [27 24 20]
 [22 24 19]
 ...
 [10  6 20]
 [14  7 27]
 [19 12 31]]
Original [[30 24 23]
 [30 24 23]
 [23 24 22]
 ...
 [ 7  5 19]
 [12  5 24]
 [17 11 30]]
Reshape [[30 24 23]
 [30 24 23]
 [23 24 22]
 ...
 [ 7  5 19]
 [12  5 24]
 [17 11 30]]
Original [[26 27 18]
 [26 27 18]
 [22 25 17]
 ...
 [ 8  6 24]
 [15  9 26]
 [17 12 29]]
Reshape [[26 27 18]
 [26 27 18]
 [22 25 17]
 ...
 [ 8  6 24]
 [15  9 26]
 [17 12 29]]
Original [[26 26 20]
 [26 26 20]
 [22 25 16]
 ...
 [19 16 32]
 [20 13 33]
 [19 12 31]]
Reshape [[26 26 20]
 [26 26 20]
 [22 25 16]
 ...
 [19 16 32]
 [20 13 33]
 [19 12 31]]
Original [[30 27 18]
 [30 27 18]
 [26 26 20]
 ...
 [27 20 40]
 [22 16 33]
 [16 11 27]]
Reshape [[30 27 18]
 [30 27 18]
 [26 26 20]
 ...
 [27 20 40]
 [22 16 33]
 [16 11 27]]
Original [[35 25 20]
 [35 25 20]
 [35 25 20]
 ...
 [31 23 47]
 [24 17 39]
 [16  9 31]]
Reshape [[35 25 20]
 [35 25 20]
 [35 25 20]
 ...
 [31 23 47]
 [24 17 39]
 [16  9 31]]
Original [[33 26 18]
 [33 26 18]
 [35 25 15]
 ...
 [31 22 49]
 [26 18 40]
 [19 11 33]]
Reshape [[33 26 18]
 [33 26 18]
 [35 25 15]
 ...
 [31 22 49]
 [26 18 40]
 [19 11 33]]
Original [[33 25 17]
 [30 21 13]
 [33 25 17]
 ...
 [19 20 50]
 [27 19 41]
 [21 14 35]]
Reshape [[33 25 17]
 [30 21 13]
 [33 25 17]
 ...
 [19 20 50]
 [27 19 41]
 [21 14 35]]
Original [[33 20 18]
 [31 18 15]
 [38 22 16]
 ...
 [20 21 53]
 [27 19 43]
 [21 13 37]]
Reshape [[33 20 18]
 [31 18 15]
 [38 22 16]
 ...
 [20 21 53]
 [27 19 43]
 [21 13 37]]
Original [[32 22 19]
 [32 22 19]
 [39 23 18]
 ...
 [27 21 54]
 [26 16 45]
 [20 10 39]]
Reshape [[32 22 19]
 [32 22 19]
 [39 23 18]
 ...
 [27 21 54]
 [26 16 45]
 [20 10 39]]
Original [[28 27 18]
 [28 27 18]
 [35 24 17]
 ...
 [26 20 51]
 [23 13 44]
 [19  8 39]]
Reshape [[28 27 18]
 [28 27 18]
 [35 24 17]
 ...
 [26 20 51]
 [23 13 44]
 [19  8 39]]
Original [[33 25 20]
 [31 24 18]
 [31 24 18]
 ...
 [28 17 49]
 [24 15 44]
 [19  9 38]]
Reshape [[33 25 20]
 [31 24 18]
 [31 24 18]
 ...
 [28 17 49]
 [24 15 44]
 [19  9 38]]
Original [[33 25 21]
 [33 25 21]
 [27 24 20]
 ...
 [27 17 46]
 [24 16 42]
 [20 11 37]]
Reshape [[33 25 21]
 [33 25 21]
 [27 24 20]
 ...
 [27 17 46]
 [24 16 42]
 [20 11 37]]
Original [[35 23 23]
 [35 23 23]
 [30 24 23]
 ...
 [28 19 45]
 [25 14 41]
 [23 12 39]]
Reshape [[35 23 23]
 [35 23 23]
 [30 24 23]
 ...
 [28 19 45]
 [25 14 41]
 [23 12 39]]
Original [[33 25 21]
 [33 25 21]
 [28 27 18]
 ...
 [28 20 44]
 [25 16 38]
 [22 12 34]]
Reshape [[33 25 21]
 [33 25 21]
 [28 27 18]
 ...
 [28 20 44]
 [25 16 38]
 [22 12 34]]
Original [[30 27 18]
 [32 28 19]
 [24 26 21]
 ...
 [24 16 40]
 [21 14 34]
 [20 13 33]]
Reshape [[30 27 18]
 [32 28 19]
 [24 26 21]
 ...
 [24 16 40]
 [21 14 34]
 [20 13 33]]
Original [[28 26 20]
 [32 30 23]
 [28 25 21]
 ...
 [19 17 38]
 [20 12 34]
 [20 12 34]]
Reshape [[28 26 20]
 [32 30 23]
 [28 25 21]
 ...
 [19 17 38]
 [20 12 34]
 [20 12 34]]
Original [[30 26 20]
 [32 27 21]
 [32 27 21]
 ...
 [18 13 34]
 [18 13 34]
 [20 15 36]]
Reshape [[30 26 20]
 [32 27 21]
 [32 27 21]
 ...
 [18 13 34]
 [18 13 34]
 [20 15 36]]
Original [[30 27 18]
 [30 27 18]
 [27 26 17]
 ...
 [16 14 33]
 [16 12 36]
 [17 14 37]]
Reshape [[30 27 18]
 [30 27 18]
 [27 26 17]
 ...
 [16 14 33]
 [16 12 36]
 [17 14 37]]
Original [[32 28 18]
 [30 27 16]
 [25 25 18]
 ...
 [15 14 30]
 [11 10 38]
 [11 10 38]]
Reshape [[32 28 18]
 [30 27 16]
 [25 25 18]
 ...
 [15 14 30]
 [11 10 38]
 [11 10 38]]
Original [[27 25 18]
 [27 25 18]
 [25 25 18]
 ...
 [17 12 33]
 [13  8 37]
 [12  7 35]]
Reshape [[27 25 18]
 [27 25 18]
 [25 25 18]
 ...
 [17 12 33]
 [13  8 37]
 [12  7 35]]
Original [[29 25 17]
 [29 25 17]
 [25 26 17]
 ...
 [12 10 31]
 [13  8 37]
 [12  7 35]]
Reshape [[29 25 17]
 [29 25 17]
 [25 26 17]
 ...
 [12 10 31]
 [13  8 37]
 [12  7 35]]
Original [[27 27 15]
 [28 28 16]
 [24 29 16]
 ...
 [ 9 13 29]
 [16 12 36]
 [15 11 35]]
Reshape [[27 27 15]
 [28 28 16]
 [24 29 16]
 ...
 [ 9 13 29]
 [16 12 36]
 [15 11 35]]
Original [[26 28 16]
 [26 28 16]
 [24 29 16]
 ...
 [13 13 31]
 [15 15 35]
 [11 11 32]]
Reshape [[26 28 16]
 [26 28 16]
 [24 29 16]
 ...
 [13 13 31]
 [15 15 35]
 [11 11 32]]
Original [[27 25 18]
 [26 24 17]
 [23 25 20]
 ...
 [11 12 30]
 [14 14 34]
 [14 14 34]]
Reshape [[27 25 18]
 [26 24 17]
 [23 25 20]
 ...
 [11 12 30]
 [14 14 34]
 [14 14 34]]
Original [[27 23 15]
 [27 23 15]
 [26 26 21]
 ...
 [ 9 13 30]
 [12 12 37]
 [12 12 37]]
Reshape [[27 23 15]
 [27 23 15]
 [26 26 21]
 ...
 [ 9 13 30]
 [12 12 37]
 [12 12 37]]
Original [[27 26 17]
 [28 27 18]
 [26 26 21]
 ...
 [13 12 33]
 [12 13 36]
 [11 12 35]]
Reshape [[27 26 17]
 [28 27 18]
 [26 26 21]
 ...
 [13 12 33]
 [12 13 36]
 [11 12 35]]
Original [[30 27 16]
 [30 27 16]
 [28 28 21]
 ...
 [15 12 33]
 [13 15 35]
 [11 13 33]]
Reshape [[30 27 16]
 [30 27 16]
 [28 28 21]
 ...
 [15 12 33]
 [13 15 35]
 [11 13 33]]
Original [[29 30 19]
 [26 28 16]
 [26 26 21]
 ...
 [17 12 33]
 [17 12 33]
 [14  9 31]]
Reshape [[29 30 19]
 [26 28 16]
 [26 26 21]
 ...
 [17 12 33]
 [17 12 33]
 [14  9 31]]
Original [[30 29 18]
 [30 29 18]
 [28 27 18]
 ...
 [15 13 31]
 [13 12 30]
 [13 12 30]]
Reshape [[30 29 18]
 [30 29 18]
 [28 27 18]
 ...
 [15 13 31]
 [13 12 30]
 [13 12 30]]
Original [[26 25 16]
 [26 25 16]
 [27 25 18]
 ...
 [15 14 30]
 [15 12 29]
 [14 11 27]]
Reshape [[26 25 16]
 [26 25 16]
 [27 25 18]
 ...
 [15 14 30]
 [15 12 29]
 [14 11 27]]
Original [[35 23 18]
 [34 22 17]
 [28 25 14]
 ...
 [16 10 29]
 [16 10 29]
 [16 10 29]]
Reshape [[35 23 18]
 [34 22 17]
 [28 25 14]
 ...
 [16 10 29]
 [16 10 29]
 [16 10 29]]
Original [[37 25 20]
 [37 25 20]
 [33 25 20]
 ...
 [16 10 29]
 [16 10 29]
 [15  9 28]]
Reshape [[37 25 20]
 [37 25 20]
 [33 25 20]
 ...
 [16 10 29]
 [16 10 29]
 [15  9 28]]
Original [[42 28 22]
 [43 30 23]
 [42 31 24]
 ...
 [17 12 29]
 [15  9 28]
 [14  7 27]]
Reshape [[42 28 22]
 [43 30 23]
 [42 31 24]
 ...
 [17 12 29]
 [15  9 28]
 [14  7 27]]
Original [[45 33 26]
 [46 35 27]
 [49 35 30]
 ...
 [17 11 30]
 [16 11 27]
 [16 11 27]]
Reshape [[45 33 26]
 [46 35 27]
 [49 35 30]
 ...
 [17 11 30]
 [16 11 27]
 [16 11 27]]
Original [[44 34 29]
 [43 33 28]
 [45 33 26]
 ...
 [19 12 31]
 [16 11 27]
 [16 11 27]]
Reshape [[44 34 29]
 [43 33 28]
 [45 33 26]
 ...
 [19 12 31]
 [16 11 27]
 [16 11 27]]
Original [[42 37 31]
 [41 36 30]
 [42 35 29]
 ...
 [12 10 31]
 [13 11 32]
 [13 11 32]]
Reshape [[42 37 31]
 [41 36 30]
 [42 35 29]
 ...
 [12 10 31]
 [13 11 32]
 [13 11 32]]
Original [[38 39 30]
 [37 38 29]
 [41 37 29]
 ...
 [ 8 10 32]
 [12 10 31]
 [12 10 31]]
Reshape [[38 39 30]
 [37 38 29]
 [41 37 29]
 ...
 [ 8 10 32]
 [12 10 31]
 [12 10 31]]
Original [[35 38 29]
 [33 36 26]
 [37 34 28]
 ...
 [11 13 33]
 [15 12 33]
 [15 12 33]]
Reshape [[35 38 29]
 [33 36 26]
 [37 34 28]
 ...
 [11 13 33]
 [15 12 33]
 [15 12 33]]
Original [[35 36 25]
 [30 32 20]
 [32 30 22]
 ...
 [13 12 33]
 [13 11 32]
 [13 11 32]]
Reshape [[35 36 25]
 [30 32 20]
 [32 30 22]
 ...
 [13 12 33]
 [13 11 32]
 [13 11 32]]
Original [[35 32 21]
 [34 31 20]
 [35 32 21]
 ...
 [13 12 33]
 [15 12 33]
 [13 11 32]]
Reshape [[35 32 21]
 [34 31 20]
 [35 32 21]
 ...
 [13 12 33]
 [15 12 33]
 [13 11 32]]
Original [[34 34 22]
 [34 34 22]
 [34 34 22]
 ...
 [11 13 33]
 [13 12 33]
 [10 10 31]]
Reshape [[34 34 22]
 [34 34 22]
 [34 34 22]
 ...
 [11 13 33]
 [13 12 33]
 [10 10 31]]
Original [[35 35 23]
 [35 35 23]
 [34 34 21]
 ...
 [16 14 33]
 [17 14 35]
 [15 12 33]]
Reshape [[35 35 23]
 [35 35 23]
 [34 34 21]
 ...
 [16 14 33]
 [17 14 35]
 [15 12 33]]
Original [[31 30 19]
 [32 31 20]
 [33 29 20]
 ...
 [17 14 35]
 [19 17 38]
 [16 13 34]]
Reshape [[31 30 19]
 [32 31 20]
 [33 29 20]
 ...
 [17 14 35]
 [19 17 38]
 [16 13 34]]
Original [[30 26 20]
 [30 26 20]
 [30 26 20]
 ...
 [20 16 42]
 [22 15 44]
 [22 15 44]]
Reshape [[30 26 20]
 [30 26 20]
 [30 26 20]
 ...
 [20 16 42]
 [22 15 44]
 [22 15 44]]
Original [[24 25 16]
 [24 25 16]
 [23 24 15]
 ...
 [14 16 38]
 [16 16 44]
 [16 16 44]]
Reshape [[24 25 16]
 [24 25 16]
 [23 24 15]
 ...
 [14 16 38]
 [16 16 44]
 [16 16 44]]
Original [[23 26 18]
 [21 23 16]
 [19 21 14]
 ...
 [16 15 38]
 [16 14 41]
 [18 16 44]]
Reshape [[23 26 18]
 [21 23 16]
 [19 21 14]
 ...
 [16 15 38]
 [16 14 41]
 [18 16 44]]
Original [[25 26 17]
 [23 24 15]
 [22 23 13]
 ...
 [16 12 36]
 [17 13 39]
 [17 13 39]]
Reshape [[25 26 17]
 [23 24 15]
 [22 23 13]
 ...
 [16 12 36]
 [17 13 39]
 [17 13 39]]
Original [[26 21 15]
 [25 20 14]
 [19 21 14]
 ...
 [17 12 33]
 [15  8 37]
 [17  9 38]]
Reshape [[26 21 15]
 [25 20 14]
 [19 21 14]
 ...
 [17 12 33]
 [15  8 37]
 [17  9 38]]
Original [[21 21 12]
 [22 23 13]
 [17 21 11]
 ...
 [16 13 34]
 [11 10 38]
 [ 9  9 37]]
Reshape [[21 21 12]
 [22 23 13]
 [17 21 11]
 ...
 [16 13 34]
 [11 10 38]
 [ 9  9 37]]
Original [[17 21 11]
 [20 23 13]
 [19 22 12]
 ...
 [17 14 37]
 [12 12 39]
 [11 10 38]]
Reshape [[17 21 11]
 [20 23 13]
 [19 22 12]
 ...
 [17 14 37]
 [12 12 39]
 [11 10 38]]
Original [[17 19 14]
 [17 19 14]
 [20 21 17]
 ...
 [15 10 33]
 [19 13 37]
 [17 11 35]]
Reshape [[17 19 14]
 [17 19 14]
 [20 21 17]
 ...
 [15 10 33]
 [19 13 37]
 [17 11 35]]
Original [[17 18  9]
 [18 19 10]
 [21 20 11]
 ...
 [13 11 32]
 [17 14 37]
 [17 14 37]]
Reshape [[17 18  9]
 [18 19 10]
 [21 20 11]
 ...
 [13 11 32]
 [17 14 37]
 [17 14 37]]
Original [[10 14  4]
 [12 15  5]
 [19 18  9]
 ...
 [11 11 32]
 [20 11 37]
 [22 13 40]]
Reshape [[10 14  4]
 [12 15  5]
 [19 18  9]
 ...
 [11 11 32]
 [20 11 37]
 [22 13 40]]
Original [[10 14  4]
 [10 14  4]
 [15 13  4]
 ...
 [13 11 32]
 [18 12 36]
 [19 13 37]]
Reshape [[10 14  4]
 [10 14  4]
 [15 13  4]
 ...
 [13 11 32]
 [18 12 36]
 [19 13 37]]
Original [[ 8 10  5]
 [ 8 10  5]
 [ 7  9  4]
 ...
 [19 11 33]
 [18 11 37]
 [19 12 39]]
Reshape [[ 8 10  5]
 [ 8 10  5]
 [ 7  9  4]
 ...
 [19 11 33]
 [18 11 37]
 [19 12 39]]
Original [[10  9  5]
 [10  9  5]
 [ 8 10  5]
 ...
 [17 12 33]
 [17 14 37]
 [16 12 36]]
Reshape [[10  9  5]
 [10  9  5]
 [ 8 10  5]
 ...
 [17 12 33]
 [17 14 37]
 [16 12 36]]
Original [[11 11  6]
 [14 13  8]
 [12 13  8]
 ...
 [15 11 35]
 [18 13 34]
 [18 13 34]]
Reshape [[11 11  6]
 [14 13  8]
 [12 13  8]
 ...
 [15 11 35]
 [18 13 34]
 [18 13 34]]
Original [[15 15  8]
 [15 15  8]
 [12 13  8]
 ...
 [14  9 31]
 [17 10 32]
 [20 12 34]]
Reshape [[15 15  8]
 [15 15  8]
 [12 13  8]
 ...
 [14  9 31]
 [17 10 32]
 [20 12 34]]
Original [[13 14 10]
 [12 13  8]
 [12 12 10]
 ...
 [16  9 31]
 [16 10 29]
 [17 11 30]]
Reshape [[13 14 10]
 [12 13  8]
 [12 12 10]
 ...
 [16  9 31]
 [16 10 29]
 [17 11 30]]
Original [[10 14  4]
 [12 15  5]
 [12 13  8]
 ...
 [15  9 28]
 [15  9 26]
 [16 11 27]]
Reshape [[10 14  4]
 [12 15  5]
 [12 13  8]
 ...
 [15  9 28]
 [15  9 26]
 [16 11 27]]
Original [[ 8 16  5]
 [ 8 16  5]
 [ 8 14  8]
 ...
 [12 11 29]
 [16 10 29]
 [16 10 29]]
Reshape [[ 8 16  5]
 [ 8 16  5]
 [ 8 14  8]
 ...
 [12 11 29]
 [16 10 29]
 [16 10 29]]
Original [[12 13  8]
 [12 13  8]
 [ 6 13  7]
 ...
 [13 12 30]
 [10 11 29]
 [11 12 30]]
Reshape [[12 13  8]
 [12 13  8]
 [ 6 13  7]
 ...
 [13 12 30]
 [10 11 29]
 [11 12 30]]
Original [[13 14 11]
 [12 12 10]
 [10 13 10]
 ...
 [10 11 29]
 [10 11 29]
 [10 11 29]]
Reshape [[13 14 11]
 [12 12 10]
 [10 13 10]
 ...
 [10 11 29]
 [10 11 29]
 [10 11 29]]
Original [[13 15  8]
 [13 15  8]
 [13 15  8]
 ...
 [ 8 12 27]
 [15 14 30]
 [13 13 29]]
Reshape [[13 15  8]
 [13 15  8]
 [13 15  8]
 ...
 [ 8 12 27]
 [15 14 30]
 [13 13 29]]
Original [[15 18 10]
 [15 18 10]
 [14 17  8]
 ...
 [10 11 29]
 [15 13 31]
 [12 11 29]]
Reshape [[15 18 10]
 [15 18 10]
 [14 17  8]
 ...
 [10 11 29]
 [15 13 31]
 [12 11 29]]
Original [[16 20 10]
 [16 20 10]
 [14 19 12]
 ...
 [12 11 29]
 [15 12 29]
 [15 12 29]]
Reshape [[16 20 10]
 [16 20 10]
 [14 19 12]
 ...
 [12 11 29]
 [15 12 29]
 [15 12 29]]
Original [[17 20 13]
 [16 19 12]
 [16 19 12]
 ...
 [16  9 31]
 [19 11 33]
 [20 12 34]]
Reshape [[17 20 13]
 [16 19 12]
 [16 19 12]
 ...
 [16  9 31]
 [19 11 33]
 [20 12 34]]
Original [[18 19 10]
 [18 19 10]
 [18 19 10]
 ...
 [21 14 35]
 [21 14 35]
 [21 14 35]]
Reshape [[18 19 10]
 [18 19 10]
 [18 19 10]
 ...
 [21 14 35]
 [21 14 35]
 [21 14 35]]
Original [[16 17  8]
 [16 17  8]
 [20 14 11]
 ...
 [17 10 32]
 [17 10 32]
 [17 10 32]]
Reshape [[16 17  8]
 [16 17  8]
 [20 14 11]
 ...
 [17 10 32]
 [17 10 32]
 [17 10 32]]
Original [[12 13  8]
 [12 13  8]
 [15 17 12]
 ...
 [17 12 33]
 [19 11 33]
 [19 11 33]]
Reshape [[12 13  8]
 [12 13  8]
 [15 17 12]
 ...
 [17 12 33]
 [19 11 33]
 [19 11 33]]
Original [[13 14 11]
 [12 12 10]
 [13 14 11]
 ...
 [23 16 38]
 [22 18 39]
 [21 16 38]]
Reshape [[13 14 11]
 [12 12 10]
 [13 14 11]
 ...
 [23 16 38]
 [22 18 39]
 [21 16 38]]
Original [[14 16 11]
 [12 13  8]
 [12 16 11]
 ...
 [23 16 38]
 [22 19 40]
 [25 23 43]]
Reshape [[14 16 11]
 [12 13  8]
 [12 16 11]
 ...
 [23 16 38]
 [22 19 40]
 [25 23 43]]
Original [[15 17 12]
 [14 16 11]
 [14 16 11]
 ...
 [18 16 36]
 [16 19 39]
 [19 21 41]]
Reshape [[15 17 12]
 [14 16 11]
 [14 16 11]
 ...
 [18 16 36]
 [16 19 39]
 [19 21 41]]
Original [[16 15 11]
 [16 15 11]
 [16 15 11]
 ...
 [14 14 34]
 [17 15 42]
 [18 16 44]]
Reshape [[16 15 11]
 [16 15 11]
 [16 15 11]
 ...
 [14 14 34]
 [17 15 42]
 [18 16 44]]
Original [[14 15 12]
 [14 15 12]
 [16 14 12]
 ...
 [15 13 39]
 [18 16 44]
 [16 14 41]]
Reshape [[14 15 12]
 [14 15 12]
 [16 14 12]
 ...
 [15 13 39]
 [18 16 44]
 [16 14 41]]
Original [[14 16 11]
 [16 18 13]
 [16 18 13]
 ...
 [17 16 39]
 [21 14 42]
 [20 13 41]]
Reshape [[14 16 11]
 [16 18 13]
 [16 18 13]
 ...
 [17 16 39]
 [21 14 42]
 [20 13 41]]
Original [[16 18 13]
 [17 19 14]
 [17 19 14]
 ...
 [21 15 41]
 [25 14 41]
 [23 12 39]]
Reshape [[16 18 13]
 [17 19 14]
 [17 19 14]
 ...
 [21 15 41]
 [25 14 41]
 [23 12 39]]
Original [[16 17 15]
 [17 18 16]
 [17 18 16]
 ...
 [21 11 40]
 [22 12 41]
 [20 10 39]]
Reshape [[16 17 15]
 [17 18 16]
 [17 18 16]
 ...
 [21 11 40]
 [22 12 41]
 [20 10 39]]
Original [[17 18 16]
 [17 18 16]
 [16 18 13]
 ...
 [18 13 41]
 [20 13 41]
 [19 12 40]]
Reshape [[17 18 16]
 [17 18 16]
 [16 18 13]
 ...
 [18 13 41]
 [20 13 41]
 [19 12 40]]
Original [[16 16 16]
 [16 16 16]
 [14 18 13]
 ...
 [16 14 40]
 [20 13 41]
 [20 13 41]]
Reshape [[16 16 16]
 [16 16 16]
 [14 18 13]
 ...
 [16 14 40]
 [20 13 41]
 [20 13 41]]
Original [[20 20 20]
 [21 21 21]
 [17 23 18]
 ...
 [18 15 38]
 [22 14 38]
 [23 15 39]]
Reshape [[20 20 20]
 [21 21 21]
 [17 23 18]
 ...
 [18 15 38]
 [22 14 38]
 [23 15 39]]
Original [[24 23 21]
 [25 24 22]
 [24 25 23]
 ...
 [22 14 38]
 [22 14 38]
 [21 13 37]]
Reshape [[24 23 21]
 [25 24 22]
 [24 25 23]
 ...
 [22 14 38]
 [22 14 38]
 [21 13 37]]
Original [[29 24 20]
 [28 23 19]
 [22 24 19]
 ...
 [22 15 36]
 [20 14 38]
 [20 14 38]]
Reshape [[29 24 20]
 [28 23 19]
 [22 24 19]
 ...
 [22 15 36]
 [20 14 38]
 [20 14 38]]
Original [[27 26 17]
 [26 25 16]
 [22 21 17]
 ...
 [17 14 35]
 [13 14 39]
 [13 14 39]]
Reshape [[27 26 17]
 [26 25 16]
 [22 21 17]
 ...
 [17 14 35]
 [13 14 39]
 [13 14 39]]
Original [[26 22 13]
 [26 22 13]
 [21 20 15]
 ...
 [15 12 33]
 [15 10 38]
 [16 11 39]]
Reshape [[26 22 13]
 [26 22 13]
 [21 20 15]
 ...
 [15 12 33]
 [15 10 38]
 [16 11 39]]
Original [[23 19 15]
 [23 19 15]
 [19 20 15]
 ...
 [15  9 35]
 [15 10 33]
 [15 10 33]]
Reshape [[23 19 15]
 [23 19 15]
 [19 20 15]
 ...
 [15  9 35]
 [15 10 33]
 [15 10 33]]
Original [[21 19 13]
 [21 19 13]
 [19 19 14]
 ...
 [10 10 31]
 [12 10 31]
 [12 10 31]]
Reshape [[21 19 13]
 [21 19 13]
 [19 19 14]
 ...
 [10 10 31]
 [12 10 31]
 [12 10 31]]
Original [[16 19 12]
 [16 19 12]
 [16 19 12]
 ...
 [13 11 32]
 [13 11 32]
 [15 12 33]]
Reshape [[16 19 12]
 [16 19 12]
 [16 19 12]
 ...
 [13 11 32]
 [13 11 32]
 [15 12 33]]
Original [[16 17  8]
 [17 18  9]
 [17 21 11]
 ...
 [16 13 34]
 [21 14 35]
 [21 14 35]]
Reshape [[16 17  8]
 [17 18  9]
 [17 21 11]
 ...
 [16 13 34]
 [21 14 35]
 [21 14 35]]
Original [[19 16 12]
 [21 18 14]
 [25 22 18]
 ...
 [20 15 36]
 [20 12 34]
 [20 12 34]]
Reshape [[19 16 12]
 [21 18 14]
 [25 22 18]
 ...
 [20 15 36]
 [20 12 34]
 [20 12 34]]
Original [[27 20 12]
 [30 24 16]
 [27 26 17]
 ...
 [20 13 33]
 [20 12 34]
 [19 11 33]]
Reshape [[27 20 12]
 [30 24 16]
 [27 26 17]
 ...
 [20 13 33]
 [20 12 34]
 [19 11 33]]
Original [[33 25 20]
 [33 25 20]
 [28 26 20]
 ...
 [19 11 33]
 [19 11 33]
 [17 10 32]]
Reshape [[33 25 20]
 [33 25 20]
 [28 26 20]
 ...
 [19 11 33]
 [19 11 33]
 [17 10 32]]
Original [[30 27 18]
 [30 27 18]
 [26 28 16]
 ...
 [19 11 33]
 [19 13 30]
 [19 13 30]]
Reshape [[30 27 18]
 [30 27 18]
 [26 28 16]
 ...
 [19 11 33]
 [19 13 30]
 [19 13 30]]
Original [[24 24 17]
 [24 24 17]
 [23 27 17]
 ...
 [19 11 33]
 [20 12 34]
 [20 12 34]]
Reshape [[24 24 17]
 [24 24 17]
 [23 27 17]
 ...
 [19 11 33]
 [20 12 34]
 [20 12 34]]
Original [[23 26 18]
 [21 23 16]
 [19 24 16]
 ...
 [19 11 33]
 [20 12 34]
 [20 12 34]]
Reshape [[23 26 18]
 [21 23 16]
 [19 24 16]
 ...
 [19 11 33]
 [20 12 34]
 [20 12 34]]
Original [[24 26 21]
 [22 24 19]
 [18 25 19]
 ...
 [14 14 34]
 [18 16 36]
 [18 16 36]]
Reshape [[24 26 21]
 [22 24 19]
 [18 25 19]
 ...
 [14 14 34]
 [18 16 36]
 [18 16 36]]
Original [[24 26 21]
 [24 26 21]
 [24 26 21]
 ...
 [18 15 38]
 [20 18 39]
 [22 19 40]]
Reshape [[24 26 21]
 [24 26 21]
 [24 26 21]
 ...
 [18 15 38]
 [20 18 39]
 [22 19 40]]
Original [[29 27 25]
 [26 25 23]
 [26 26 21]
 ...
 [22 17 40]
 [25 20 41]
 [25 20 41]]
Reshape [[29 27 25]
 [26 25 23]
 [26 26 21]
 ...
 [22 17 40]
 [25 20 41]
 [25 20 41]]
Original [[28 28 21]
 [28 28 21]
 [28 28 21]
 ...
 [23 19 43]
 [25 20 48]
 [24 19 47]]
Reshape [[28 28 21]
 [28 28 21]
 [28 28 21]
 ...
 [23 19 43]
 [25 20 48]
 [24 19 47]]
Original [[31 28 22]
 [28 26 20]
 [24 27 20]
 ...
 [20 17 40]
 [21 19 44]
 [21 19 44]]
Reshape [[31 28 22]
 [28 26 20]
 [24 27 20]
 ...
 [20 17 40]
 [21 19 44]
 [21 19 44]]
Original [[30 28 19]
 [28 27 18]
 [27 26 17]
 ...
 [19 17 38]
 [19 14 42]
 [19 14 42]]
Reshape [[30 28 19]
 [28 27 18]
 [27 26 17]
 ...
 [19 17 38]
 [19 14 42]
 [19 14 42]]
Original [[34 27 19]
 [33 26 18]
 [30 26 20]
 ...
 [19 14 35]
 [19 13 37]
 [19 13 37]]
Reshape [[34 27 19]
 [33 26 18]
 [30 26 20]
 ...
 [19 14 35]
 [19 13 37]
 [19 13 37]]
Original [[37 32 21]
 [36 30 20]
 [30 28 19]
 ...
 [19 17 38]
 [18 16 36]
 [17 14 35]]
Reshape [[37 32 21]
 [36 30 20]
 [30 28 19]
 ...
 [19 17 38]
 [18 16 36]
 [17 14 35]]
Original [[44 39 27]
 [43 38 25]
 [37 34 28]
 ...
 [18 18 39]
 [18 16 36]
 [18 16 36]]
Reshape [[44 39 27]
 [43 38 25]
 [37 34 28]
 ...
 [18 18 39]
 [18 16 36]
 [18 16 36]]
Original [[49 43 33]
 [49 43 33]
 [47 43 34]
 ...
 [17 16 39]
 [22 15 36]
 [21 14 35]]
Reshape [[49 43 33]
 [49 43 33]
 [47 43 34]
 ...
 [17 16 39]
 [22 15 36]
 [21 14 35]]
Original [[49 44 38]
 [48 43 37]
 [49 44 38]
 ...
 [17 16 41]
 [23 15 39]
 [23 15 39]]
Reshape [[49 44 38]
 [48 43 37]
 [49 44 38]
 ...
 [17 16 41]
 [23 15 39]
 [23 15 39]]
Original [[47 49 37]
 [47 49 37]
 [51 50 39]
 ...
 [15 15 42]
 [20 16 42]
 [18 14 40]]
Reshape [[47 49 37]
 [47 49 37]
 [51 50 39]
 ...
 [15 15 42]
 [20 16 42]
 [18 14 40]]
Original [[46 49 35]
 [47 50 36]
 [59 52 39]
 ...
 [15 15 42]
 [22 15 44]
 [22 15 44]]
Reshape [[46 49 35]
 [47 50 36]
 [59 52 39]
 ...
 [15 15 42]
 [22 15 44]
 [22 15 44]]
Original [[53 47 39]
 [56 49 41]
 [61 50 43]
 ...
 [19 12 40]
 [24 15 44]
 [24 15 44]]
Reshape [[53 47 39]
 [56 49 41]
 [61 50 43]
 ...
 [19 12 40]
 [24 15 44]
 [24 15 44]]
Original [[58 51 38]
 [59 52 39]
 [61 51 39]
 ...
 [16 11 39]
 [23 14 42]
 [24 15 44]]
Reshape [[58 51 38]
 [59 52 39]
 [61 51 39]
 ...
 [16 11 39]
 [23 14 42]
 [24 15 44]]
Original [[56 50 40]
 [56 50 40]
 [51 50 39]
 ...
 [18 14 40]
 [23 14 42]
 [24 15 44]]
Reshape [[56 50 40]
 [56 50 40]
 [51 50 39]
 ...
 [18 14 40]
 [23 14 42]
 [24 15 44]]
Original [[52 51 40]
 [49 49 37]
 [49 46 35]
 ...
 [19 14 42]
 [19 14 42]
 [19 14 42]]
Reshape [[52 51 40]
 [49 49 37]
 [49 46 35]
 ...
 [19 14 42]
 [19 14 42]
 [19 14 42]]
Original [[53 49 39]
 [49 46 35]
 [42 43 32]
 ...
 [20 14 40]
 [22 14 38]
 [19 10 35]]
Reshape [[53 49 39]
 [49 46 35]
 [42 43 32]
 ...
 [20 14 40]
 [22 14 38]
 [19 10 35]]
Original [[51 46 33]
 [49 44 31]
 [36 41 27]
 ...
 [15 12 33]
 [13 12 33]
 [13 12 33]]
Reshape [[51 46 33]
 [49 44 31]
 [36 41 27]
 ...
 [15 12 33]
 [13 12 33]
 [13 12 33]]
Original [[50 42 32]
 [49 41 30]
 [34 38 26]
 ...
 [11 13 33]
 [11 13 33]
 [11 13 33]]
Reshape [[50 42 32]
 [49 41 30]
 [34 38 26]
 ...
 [11 13 33]
 [11 13 33]
 [11 13 33]]
Original [[41 37 29]
 [39 35 26]
 [31 34 27]
 ...
 [ 9 12 35]
 [11 12 35]
 [ 9 11 33]]
Reshape [[41 37 29]
 [39 35 26]
 [31 34 27]
 ...
 [ 9 12 35]
 [11 12 35]
 [ 9 11 33]]
Original [[37 33 29]
 [37 33 29]
 [31 32 30]
 ...
 [13 12 33]
 [16 13 34]
 [13 11 32]]
Reshape [[37 33 29]
 [37 33 29]
 [31 32 30]
 ...
 [13 12 33]
 [16 13 34]
 [13 11 32]]
Original [[37 33 27]
 [39 34 28]
 [40 34 31]
 ...
 [11 11 32]
 [13 12 33]
 [10 10 31]]
Reshape [[37 33 27]
 [39 34 28]
 [40 34 31]
 ...
 [11 11 32]
 [13 12 33]
 [10 10 31]]
Original [[37 33 29]
 [37 33 29]
 [43 33 28]
 ...
 [13 12 33]
 [15 12 33]
 [12 10 31]]
Reshape [[37 33 29]
 [37 33 29]
 [43 33 28]
 ...
 [13 12 33]
 [15 12 33]
 [12 10 31]]
Original [[37 34 28]
 [37 34 28]
 [41 34 26]
 ...
 [13 12 33]
 [15 12 33]
 [12 10 31]]
Reshape [[37 34 28]
 [37 34 28]
 [41 34 26]
 ...
 [13 12 33]
 [15 12 33]
 [12 10 31]]
Original [[41 33 29]
 [41 33 29]
 [39 33 29]
 ...
 [16 13 34]
 [15 12 33]
 [12 10 31]]
Reshape [[41 33 29]
 [41 33 29]
 [39 33 29]
 ...
 [16 13 34]
 [15 12 33]
 [12 10 31]]
Original [[35 31 23]
 [37 34 25]
 [33 34 25]
 ...
 [ 9 12 32]
 [ 9 13 29]
 [ 8 12 27]]
Reshape [[35 31 23]
 [37 34 25]
 [33 34 25]
 ...
 [ 9 12 32]
 [ 9 13 29]
 [ 8 12 27]]
Original [[35 33 27]
 [34 32 25]
 [30 34 24]
 ...
 [11 11 32]
 [13 13 31]
 [11 12 30]]
Reshape [[35 33 27]
 [34 32 25]
 [30 34 24]
 ...
 [11 11 32]
 [13 13 31]
 [11 12 30]]
Original [[37 35 26]
 [37 35 26]
 [33 34 29]
 ...
 [12 14 34]
 [11 13 33]
 [ 8 11 31]]
Reshape [[37 35 26]
 [37 35 26]
 [33 34 29]
 ...
 [12 14 34]
 [11 13 33]
 [ 8 11 31]]
Original [[39 34 28]
 [41 36 30]
 [38 37 34]
 ...
 [21 16 39]
 [20 15 36]
 [18 13 34]]
Reshape [[39 34 28]
 [41 36 30]
 [38 37 34]
 ...
 [21 16 39]
 [20 15 36]
 [18 13 34]]
Original [[37 35 26]
 [37 35 26]
 [34 36 29]
 ...
 [23 18 46]
 [22 19 40]
 [20 18 39]]
Reshape [[37 35 26]
 [37 35 26]
 [34 36 29]
 ...
 [23 18 46]
 [22 19 40]
 [20 18 39]]
Original [[31 35 25]
 [31 35 25]
 [33 36 26]
 ...
 [18 16 44]
 [20 15 44]
 [20 15 44]]
Reshape [[31 35 25]
 [31 35 25]
 [33 36 26]
 ...
 [18 16 44]
 [20 15 44]
 [20 15 44]]
Original [[31 34 27]
 [30 33 25]
 [33 35 28]
 ...
 [16 14 41]
 [20 15 44]
 [22 17 45]]
Reshape [[31 34 27]
 [30 33 25]
 [33 35 28]
 ...
 [16 14 41]
 [20 15 44]
 [22 17 45]]
Original [[31 34 27]
 [34 36 29]
 [35 37 30]
 ...
 [16 14 40]
 [20 16 42]
 [24 20 45]]
Reshape [[31 34 27]
 [34 36 29]
 [35 37 30]
 ...
 [16 14 40]
 [20 16 42]
 [24 20 45]]
Original [[35 35 28]
 [38 38 31]
 [38 41 34]
 ...
 [15 14 37]
 [20 17 40]
 [24 21 44]]
Reshape [[35 35 28]
 [38 38 31]
 [38 41 34]
 ...
 [15 14 37]
 [20 17 40]
 [24 21 44]]
Original [[36 35 31]
 [38 37 33]
 [37 39 34]
 ...
 [17 14 37]
 [23 15 39]
 [27 19 43]]
Reshape [[36 35 31]
 [38 37 33]
 [37 39 34]
 ...
 [17 14 37]
 [23 15 39]
 [27 19 43]]
Original [[34 35 31]
 [35 37 32]
 [35 37 32]
 ...
 [16 11 39]
 [22 12 41]
 [26 16 45]]
Reshape [[34 35 31]
 [35 37 32]
 [35 37 32]
 ...
 [16 11 39]
 [22 12 41]
 [26 16 45]]
Original [[37 35 33]
 [37 35 33]
 [39 37 30]
 ...
 [20 11 37]
 [20 10 39]
 [23 14 42]]
Reshape [[37 35 33]
 [37 35 33]
 [39 37 30]
 ...
 [20 11 37]
 [20 10 39]
 [23 14 42]]
Original [[38 37 33]
 [36 35 31]
 [37 35 26]
 ...
 [21 14 35]
 [23 14 42]
 [24 15 44]]
Reshape [[38 37 33]
 [36 35 31]
 [37 35 26]
 ...
 [21 14 35]
 [23 14 42]
 [24 15 44]]
Original [[42 37 31]
 [39 34 28]
 [41 34 26]
 ...
 [20 12 34]
 [24 16 42]
 [27 18 44]]
Reshape [[42 37 31]
 [39 34 28]
 [41 34 26]
 ...
 [20 12 34]
 [24 16 42]
 [27 18 44]]
Original [[39 36 32]
 [37 33 29]
 [38 30 27]
 ...
 [17 11 30]
 [22 12 41]
 [27 17 46]]
Reshape [[39 36 32]
 [37 33 29]
 [38 30 27]
 ...
 [17 11 30]
 [22 12 41]
 [27 17 46]]
Original [[39 35 26]
 [36 32 24]
 [37 29 26]
 ...
 [21 14 35]
 [23 14 42]
 [27 17 46]]
Reshape [[39 35 26]
 [36 32 24]
 [37 29 26]
 ...
 [21 14 35]
 [23 14 42]
 [27 17 46]]
Original [[37 33 29]
 [33 30 26]
 [30 26 22]
 ...
 [24 17 39]
 [24 16 40]
 [26 17 42]]
Reshape [[37 33 29]
 [33 30 26]
 [30 26 22]
 ...
 [24 17 39]
 [24 16 40]
 [26 17 42]]
Original [[39 33 29]
 [35 30 26]
 [28 25 26]
 ...
 [22 18 39]
 [27 19 41]
 [26 18 40]]
Reshape [[39 33 29]
 [35 30 26]
 [28 25 26]
 ...
 [22 18 39]
 [27 19 41]
 [26 18 40]]
Original [[33 33 31]
 [28 29 26]
 [24 24 24]
 ...
 [23 16 38]
 [24 17 39]
 [24 17 39]]
Reshape [[33 33 31]
 [28 29 26]
 [24 24 24]
 ...
 [23 16 38]
 [24 17 39]
 [24 17 39]]
Original [[30 32 27]
 [24 26 21]
 [23 23 23]
 ...
 [18 16 36]
 [22 15 36]
 [23 16 38]]
Reshape [[30 32 27]
 [24 26 21]
 [23 23 23]
 ...
 [18 16 36]
 [22 15 36]
 [23 16 38]]
Original [[29 31 26]
 [26 27 22]
 [27 27 27]
 ...
 [15 13 31]
 [20 12 34]
 [17 10 32]]
Reshape [[29 31 26]
 [26 27 22]
 [27 27 27]
 ...
 [15 13 31]
 [20 12 34]
 [17 10 32]]
Original [[31 32 30]
 [30 31 29]
 [33 33 33]
 ...
 [11  9 28]
 [19 13 30]
 [14  8 25]]
Reshape [[31 32 30]
 [30 31 29]
 [33 33 33]
 ...
 [11  9 28]
 [19 13 30]
 [14  8 25]]
Original [[33 33 33]
 [33 33 33]
 [34 35 32]
 ...
 [14  7 27]
 [16 11 26]
 [12  7 21]]
Reshape [[33 33 33]
 [33 33 33]
 [34 35 32]
 ...
 [14  7 27]
 [16 11 26]
 [12  7 21]]
Original [[35 37 32]
 [36 38 33]
 [37 36 32]
 ...
 [11 10 26]
 [16 11 26]
 [13  8 22]]
Reshape [[35 37 32]
 [36 38 33]
 [37 36 32]
 ...
 [11 10 26]
 [16 11 26]
 [13  8 22]]
Original [[38 42 32]
 [35 38 29]
 [35 38 29]
 ...
 [14 11 27]
 [14 11 27]
 [10  6 23]]
Reshape [[38 42 32]
 [35 38 29]
 [35 38 29]
 ...
 [14 11 27]
 [14 11 27]
 [10  6 23]]
Original [[41 44 34]
 [35 38 29]
 [36 37 27]
 ...
 [ 8 10 32]
 [12 11 29]
 [ 6  5 23]]
Reshape [[41 44 34]
 [35 38 29]
 [36 37 27]
 ...
 [ 8 10 32]
 [12 11 29]
 [ 6  5 23]]
Original [[45 46 37]
 [40 41 32]
 [37 36 32]
 ...
 [13 11 32]
 [14 10 29]
 [10  6 24]]
Reshape [[45 46 37]
 [40 41 32]
 [37 36 32]
 ...
 [13 11 32]
 [14 10 29]
 [10  6 24]]
Original [[44 46 32]
 [39 42 28]
 [38 36 27]
 ...
 [ 9 13 30]
 [12 11 27]
 [ 8  7 23]]
Reshape [[44 46 32]
 [39 42 28]
 [38 36 27]
 ...
 [ 9 13 30]
 [12 11 27]
 [ 8  7 23]]
Original [[41 45 33]
 [36 40 28]
 [38 38 31]
 ...
 [10 11 29]
 [10 10 24]
 [ 5  5 19]]
Reshape [[41 45 33]
 [36 40 28]
 [38 38 31]
 ...
 [10 11 29]
 [10 10 24]
 [ 5  5 19]]
Original [[43 44 34]
 [40 41 32]
 [40 40 34]
 ...
 [ 8 12 27]
 [11  8 22]
 [ 7  5 19]]
Reshape [[43 44 34]
 [40 41 32]
 [40 40 34]
 ...
 [ 8 12 27]
 [11  8 22]
 [ 7  5 19]]
Original [[43 43 36]
 [43 43 36]
 [43 43 36]
 ...
 [14  9 31]
 [13  8 22]
 [ 9  4 19]]
Reshape [[43 43 36]
 [43 43 36]
 [43 43 36]
 ...
 [14  9 31]
 [13  8 22]
 [ 9  4 19]]
Original [[40 41 32]
 [43 44 34]
 [43 44 34]
 ...
 [12 10 31]
 [ 8  9 27]
 [ 6  6 24]]
Reshape [[40 41 32]
 [43 44 34]
 [43 44 34]
 ...
 [12 10 31]
 [ 8  9 27]
 [ 6  6 24]]
Original [[42 45 36]
 [42 45 36]
 [42 44 37]
 ...
 [13  9 35]
 [11 11 33]
 [10  9 32]]
Reshape [[42 45 36]
 [42 45 36]
 [42 44 37]
 ...
 [13  9 35]
 [11 11 33]
 [10  9 32]]
Original [[47 47 41]
 [47 47 41]
 [51 49 40]
 ...
 [15 10 38]
 [17 12 40]
 [20 15 44]]
Reshape [[47 47 41]
 [47 47 41]
 [51 49 40]
 ...
 [15 10 38]
 [17 12 40]
 [20 15 44]]
Original [[53 48 42]
 [55 50 44]
 [57 50 44]
 ...
 [19 10 36]
 [20 13 41]
 [25 17 46]]
Reshape [[53 48 42]
 [55 50 44]
 [57 50 44]
 ...
 [19 10 36]
 [20 13 41]
 [25 17 46]]
Original [[52 46 38]
 [55 48 40]
 [58 49 41]
 ...
 [22 12 41]
 [24 15 44]
 [30 21 49]]
Reshape [[52 46 38]
 [55 48 40]
 [58 49 41]
 ...
 [22 12 41]
 [24 15 44]
 [30 21 49]]
Original [[55 48 40]
 [53 47 39]
 [61 50 43]
 ...
 [24 16 42]
 [28 18 47]
 [33 23 52]]
Reshape [[55 48 40]
 [53 47 39]
 [61 50 43]
 ...
 [24 16 42]
 [28 18 47]
 [33 23 52]]
Original [[56 46 36]
 [53 42 33]
 [49 39 29]
 ...
 [26 17 43]
 [28 18 47]
 [33 23 52]]
Reshape [[56 46 36]
 [53 42 33]
 [49 39 29]
 ...
 [26 17 43]
 [28 18 47]
 [33 23 52]]
Original [[47 37 27]
 [40 30 20]
 [28 24 16]
 ...
 [24 15 44]
 [28 18 47]
 [33 23 52]]
Reshape [[47 37 27]
 [40 30 20]
 [28 24 16]
 ...
 [24 15 44]
 [28 18 47]
 [33 23 52]]
Original [[29 23 13]
 [24 19  8]
 [17 15  6]
 ...
 [22 14 45]
 [27 17 46]
 [35 25 54]]
Reshape [[29 23 13]
 [24 19  8]
 [17 15  6]
 ...
 [22 14 45]
 [27 17 46]
 [35 25 54]]
Original [[18 17  6]
 [15 14  2]
 [ 8 11  2]
 ...
 [20 15 45]
 [29 19 50]
 [35 24 56]]
Reshape [[18 17  6]
 [15 14  2]
 [ 8 11  2]
 ...
 [20 15 45]
 [29 19 50]
 [35 24 56]]
Original [[ 9 12  5]
 [ 9 12  5]
 [ 8 11  3]
 ...
 [20 14 47]
 [29 18 51]
 [33 21 55]]
Reshape [[ 9 12  5]
 [ 9 12  5]
 [ 8 11  3]
 ...
 [20 14 47]
 [29 18 51]
 [33 21 55]]
Original [[12 14  7]
 [10 13  6]
 [ 8 11  3]
 ...
 [23 14 42]
 [30 16 50]
 [36 22 56]]
Reshape [[12 14  7]
 [10 13  6]
 [ 8 11  3]
 ...
 [23 14 42]
 [30 16 50]
 [36 22 56]]
Original [[10 14  4]
 [ 9 13  3]
 [ 8 11  2]
 ...
 [20 10 39]
 [26 13 47]
 [35 21 55]]
Reshape [[10 14  4]
 [ 9 13  3]
 [ 8 11  2]
 ...
 [20 10 39]
 [26 13 47]
 [35 21 55]]
Original [[ 9 13  3]
 [ 8 11  2]
 [ 2 12  3]
 ...
 [23 14 42]
 [28 15 45]
 [33 21 51]]
Reshape [[ 9 13  3]
 [ 8 11  2]
 [ 2 12  3]
 ...
 [23 14 42]
 [28 15 45]
 [33 21 51]]
Original [[ 6 10  5]
 [ 6 10  5]
 [ 6  9  7]
 ...
 [24 16 42]
 [27 17 46]
 [29 19 48]]
Reshape [[ 6 10  5]
 [ 6 10  5]
 [ 6  9  7]
 ...
 [24 16 42]
 [27 17 46]
 [29 19 48]]
Original [[ 8 11  2]
 [ 8 11  2]
 [ 4 11  5]
 ...
 [22 14 38]
 [25 15 39]
 [24 14 38]]
Reshape [[ 8 11  2]
 [ 8 11  2]
 [ 4 11  5]
 ...
 [22 14 38]
 [25 15 39]
 [24 14 38]]
Original [[10 11  2]
 [10 11  2]
 [ 8 11  2]
 ...
 [15  8 29]
 [15  7 31]
 [17  9 33]]
Reshape [[10 11  2]
 [10 11  2]
 [ 8 11  2]
 ...
 [15  8 29]
 [15  7 31]
 [17  9 33]]
Original [[12 11  2]
 [12 11  2]
 [ 7 10  1]
 ...
 [ 2  6 23]
 [ 8  5 26]
 [11  9 29]]
Reshape [[12 11  2]
 [12 11  2]
 [ 7 10  1]
 ...
 [ 2  6 23]
 [ 8  5 26]
 [11  9 29]]
Original [[10  9  5]
 [10  9  5]
 [ 7  9  4]
 ...
 [ 8  6 24]
 [10  6 24]
 [12  8 27]]
Reshape [[10  9  5]
 [10  9  5]
 [ 7  9  4]
 ...
 [ 8  6 24]
 [10  6 24]
 [12  8 27]]
Original [[ 8 11  3]
 [ 8 11  3]
 [ 8 11  2]
 ...
 [ 4  7 24]
 [ 9  7 26]
 [10  8 27]]
Reshape [[ 8 11  3]
 [ 8 11  3]
 [ 8 11  2]
 ...
 [ 4  7 24]
 [ 9  7 26]
 [10  8 27]]
Original [[ 8 10  5]
 [ 8 10  5]
 [ 8 10  5]
 ...
 [ 6  6 24]
 [ 6  6 20]
 [ 9  9 22]]
Reshape [[ 8 10  5]
 [ 8 10  5]
 [ 8 10  5]
 ...
 [ 6  6 24]
 [ 6  6 20]
 [ 9  9 22]]
Original [[ 8 10  5]
 [ 8 10  5]
 [ 8 10  5]
 ...
 [ 3  6 19]
 [ 1  5 20]
 [ 5  9 24]]
Reshape [[ 8 10  5]
 [ 8 10  5]
 [ 8 10  5]
 ...
 [ 3  6 19]
 [ 1  5 20]
 [ 5  9 24]]
Original [[ 8  9  7]
 [ 8  9  7]
 [ 8  9  7]
 ...
 [ 5  4 20]
 [ 6  5 23]
 [11  9 28]]
Reshape [[ 8  9  7]
 [ 8  9  7]
 [ 8  9  7]
 ...
 [ 5  4 20]
 [ 6  5 23]
 [11  9 28]]
Original [[ 8 10  5]
 [ 8 10  5]
 [ 8 11  3]
 ...
 [ 2  6 22]
 [ 4  7 24]
 [ 8 11 29]]
Reshape [[ 8 10  5]
 [ 8 10  5]
 [ 8 11  3]
 ...
 [ 2  6 22]
 [ 4  7 24]
 [ 8 11 29]]
Original [[ 9 13  3]
 [ 8 11  2]
 [12 14  7]
 ...
 [ 4  8 23]
 [ 7  7 26]
 [13 13 31]]
Reshape [[ 9 13  3]
 [ 8 11  2]
 [12 14  7]
 ...
 [ 4  8 23]
 [ 7  7 26]
 [13 13 31]]
Original [[28 31 22]
 [28 31 22]
 [32 33 24]
 ...
 [ 5  8 26]
 [ 5 10 29]
 [ 7 12 32]]
Reshape [[28 31 22]
 [28 31 22]
 [32 33 24]
 ...
 [ 5  8 26]
 [ 5 10 29]
 [ 7 12 32]]
Original [[42 34 31]
 [44 36 33]
 [48 34 27]
 ...
 [ 8  5 26]
 [ 9  7 33]
 [13 11 36]]
Reshape [[42 34 31]
 [44 36 33]
 [48 34 27]
 ...
 [ 8  5 26]
 [ 9  7 33]
 [13 11 36]]
Original [[20 16  8]
 [17 13  4]
 [12 11  2]
 ...
 [ 7  7 27]
 [10  9 32]
 [15 14 37]]
Reshape [[20 16  8]
 [17 13  4]
 [12 11  2]
 ...
 [ 7  7 27]
 [10  9 32]
 [15 14 37]]
Original [[ 9  7  0]
 [ 9  7  0]
 [ 5  7  0]
 ...
 [12 10 31]
 [12  9 32]
 [17 14 37]]
Reshape [[ 9  7  0]
 [ 9  7  0]
 [ 5  7  0]
 ...
 [12 10 31]
 [12  9 32]
 [17 14 37]]
Original [[ 2  4  0]
 [ 1  3  0]
 [ 1  3  0]
 ...
 [20 14 38]
 [17 13 39]
 [18 14 40]]
Reshape [[ 2  4  0]
 [ 1  3  0]
 [ 1  3  0]
 ...
 [20 14 38]
 [17 13 39]
 [18 14 40]]
Original [[ 2  3  1]
 [ 1  2  0]
 [ 1  2  0]
 ...
 [30 21 49]
 [25 17 46]
 [20 13 41]]
Reshape [[ 2  3  1]
 [ 1  2  0]
 [ 1  2  0]
 ...
 [30 21 49]
 [25 17 46]
 [20 13 41]]
Original [[ 1  3  0]
 [ 0  2  0]
 [ 0  2  0]
 ...
 [35 26 52]
 [31 23 47]
 [27 19 43]]
Reshape [[ 1  3  0]
 [ 0  2  0]
 [ 0  2  0]
 ...
 [35 26 52]
 [31 23 47]
 [27 19 43]]
Original [[ 0  2  0]
 [ 0  2  0]
 [ 0  2  0]
 ...
 [41 30 61]
 [38 29 56]
 [30 21 48]]
Reshape [[ 0  2  0]
 [ 0  2  0]
 [ 0  2  0]
 ...
 [41 30 61]
 [38 29 56]
 [30 21 48]]
Original [[ 0  4  0]
 [ 0  4  0]
 [ 0  2  0]
 ...
 [50 36 89]
 [44 36 60]
 [28 20 44]]
Reshape [[ 0  4  0]
 [ 0  4  0]
 [ 0  2  0]
 ...
 [50 36 89]
 [44 36 60]
 [28 20 44]]
Original [[  0   1   0]
 [  0   1   0]
 [  0   2   0]
 ...
 [ 77  55 136]
 [ 49  35  69]
 [ 42  28  62]]
Reshape [[  0   1   0]
 [  0   1   0]
 [  0   2   0]
 ...
 [ 77  55 136]
 [ 49  35  69]
 [ 42  28  62]]
Original [[  0   2   0]
 [  0   2   0]
 [  0   2   0]
 ...
 [107  86 176]
 [ 72  58  99]
 [ 45  32  73]]
Reshape [[  0   2   0]
 [  0   2   0]
 [  0   2   0]
 ...
 [107  86 176]
 [ 72  58  99]
 [ 45  32  73]]
Original [[  0   2   0]
 [  0   2   0]
 [  0   2   0]
 ...
 [116  94 187]
 [ 98  84 141]
 [ 51  36  93]]
Reshape [[  0   2   0]
 [  0   2   0]
 [  0   2   0]
 ...
 [116  94 187]
 [ 98  84 141]
 [ 51  36  93]]
Original [[  0   2   0]
 [  0   2   0]
 [  0   2   0]
 ...
 [109  90 179]
 [115  99 167]
 [ 66  50 118]]
Reshape [[  0   2   0]
 [  0   2   0]
 [  0   2   0]
 ...
 [109  90 179]
 [115  99 167]
 [ 66  50 118]]
Original [[  0   1   0]
 [  0   1   0]
 [  0   1   0]
 ...
 [104  82 174]
 [118  94 180]
 [101  76 162]]
Reshape [[  0   1   0]
 [  0   1   0]
 [  0   1   0]
 ...
 [104  82 174]
 [118  94 180]
 [101  76 162]]
Original [[  0   2   0]
 [  0   2   0]
 [  0   2   0]
 ...
 [ 96  74 164]
 [114  86 177]
 [121  93 184]]
Reshape [[  0   2   0]
 [  0   2   0]
 [  0   2   0]
 ...
 [ 96  74 164]
 [114  86 177]
 [121  93 184]]
Original [[  0   2   0]
 [  0   2   0]
 [  0   2   0]
 ...
 [100  75 161]
 [100  79 169]
 [113  92 182]]
Reshape [[  0   2   0]
 [  0   2   0]
 [  0   2   0]
 ...
 [100  75 161]
 [100  79 169]
 [113  92 182]]
Original [[  0   2   0]
 [  0   2   0]
 [  0   2   0]
 ...
 [ 98  70 152]
 [ 95  72 162]
 [102  79 169]]
Reshape [[  0   2   0]
 [  0   2   0]
 [  0   2   0]
 ...
 [ 98  70 152]
 [ 95  72 162]
 [102  79 169]]
Original [[  0   1   0]
 [  0   1   0]
 [  0   1   0]
 ...
 [ 92  67 141]
 [ 93  67 151]
 [ 97  71 155]]
Reshape [[  0   1   0]
 [  0   1   0]
 [  0   1   0]
 ...
 [ 92  67 141]
 [ 93  67 151]
 [ 97  71 155]]
Original [[  0   2   0]
 [  0   2   0]
 [  0   2   0]
 ...
 [ 86  63 132]
 [ 86  65 139]
 [ 88  68 141]]
Reshape [[  0   2   0]
 [  0   2   0]
 [  0   2   0]
 ...
 [ 86  63 132]
 [ 86  65 139]
 [ 88  68 141]]
Original [[  0   4   0]
 [  0   2   0]
 [  0   2   0]
 ...
 [ 79  59 126]
 [ 76  63 136]
 [ 78  65 138]]
Reshape [[  0   4   0]
 [  0   2   0]
 [  0   2   0]
 ...
 [ 79  59 126]
 [ 76  63 136]
 [ 78  65 138]]
Original [[  0   1   0]
 [  0   1   0]
 [  0   1   0]
 ...
 [ 71  57 125]
 [ 65  59 131]
 [ 68  62 133]]
Reshape [[  0   1   0]
 [  0   1   0]
 [  0   1   0]
 ...
 [ 71  57 125]
 [ 65  59 131]
 [ 68  62 133]]
Original [[  0   2   0]
 [  0   2   0]
 [  0   2   0]
 ...
 [ 54  41 105]
 [ 58  51 120]
 [ 62  54 124]]
Reshape [[  0   2   0]
 [  0   2   0]
 [  0   2   0]
 ...
 [ 54  41 105]
 [ 58  51 120]
 [ 62  54 124]]
Original [[  0   2   0]
 [  0   2   0]
 [  0   2   0]
 ...
 [ 48  35  99]
 [ 44  36 108]
 [ 53  45 117]]
Reshape [[  0   2   0]
 [  0   2   0]
 [  0   2   0]
 ...
 [ 48  35  99]
 [ 44  36 108]
 [ 53  45 117]]
Original [[  0   2   0]
 [  0   2   0]
 [  0   2   0]
 ...
 [ 44  31  90]
 [ 45  32 100]
 [ 51  37 106]]
Reshape [[  0   2   0]
 [  0   2   0]
 [  0   2   0]
 ...
 [ 44  31  90]
 [ 45  32 100]
 [ 51  37 106]]
Original [[ 0  1  0]
 [ 0  1  0]
 [ 0  1  0]
 ...
 [41 27 82]
 [47 27 92]
 [53 33 98]]
Reshape [[ 0  1  0]
 [ 0  1  0]
 [ 0  1  0]
 ...
 [41 27 82]
 [47 27 92]
 [53 33 98]]
Original [[ 1  3  0]
 [ 1  3  0]
 [ 0  4  0]
 ...
 [26 22 75]
 [38 23 87]
 [44 29 93]]
Reshape [[ 1  3  0]
 [ 1  3  0]
 [ 0  4  0]
 ...
 [26 22 75]
 [38 23 87]
 [44 29 93]]
Original [[ 0  4  0]
 [ 0  4  0]
 [ 0  4  0]
 ...
 [20 19 67]
 [32 18 80]
 [39 25 87]]
Reshape [[ 0  4  0]
 [ 0  4  0]
 [ 0  4  0]
 ...
 [20 19 67]
 [32 18 80]
 [39 25 87]]
Original [[ 0  2  0]
 [ 0  4  0]
 [ 0  4  0]
 ...
 [15 15 63]
 [25 14 72]
 [33 22 81]]
Reshape [[ 0  2  0]
 [ 0  4  0]
 [ 0  4  0]
 ...
 [15 15 63]
 [25 14 72]
 [33 22 81]]
Original [[ 0  1  0]
 [ 0  2  0]
 [ 0  1  0]
 ...
 [25 14 61]
 [27 14 71]
 [30 18 74]]
Reshape [[ 0  1  0]
 [ 0  2  0]
 [ 0  1  0]
 ...
 [25 14 61]
 [27 14 71]
 [30 18 74]]
Original [[ 0  4  0]
 [ 0  4  0]
 [ 0  2  0]
 ...
 [17 13 57]
 [25 17 66]
 [28 21 70]]
Reshape [[ 0  4  0]
 [ 0  4  0]
 [ 0  2  0]
 ...
 [17 13 57]
 [25 17 66]
 [28 21 70]]
Original [[ 0  2  0]
 [ 0  2  0]
 [ 0  2  0]
 ...
 [19 13 57]
 [24 14 65]
 [28 17 69]]
Reshape [[ 0  2  0]
 [ 0  2  0]
 [ 0  2  0]
 ...
 [19 13 57]
 [24 14 65]
 [28 17 69]]
Original [[ 0  2  0]
 [ 0  2  0]
 [ 0  3  0]
 ...
 [22 14 58]
 [20 12 61]
 [25 17 66]]
Reshape [[ 0  2  0]
 [ 0  2  0]
 [ 0  3  0]
 ...
 [22 14 58]
 [20 12 61]
 [25 17 66]]
Original [[ 1  2  0]
 [ 1  2  0]
 [ 0  1  0]
 ...
 [22 11 56]
 [24 11 56]
 [26 13 58]]
Reshape [[ 1  2  0]
 [ 1  2  0]
 [ 0  1  0]
 ...
 [22 11 56]
 [24 11 56]
 [26 13 58]]
Original [[ 0  2  0]
 [ 1  3  0]
 [ 0  2  0]
 ...
 [16 11 55]
 [14 11 55]
 [14 11 55]]
Reshape [[ 0  2  0]
 [ 1  3  0]
 [ 0  2  0]
 ...
 [16 11 55]
 [14 11 55]
 [14 11 55]]
Original [[ 0  3  0]
 [ 0  2  0]
 [ 0  2  0]
 ...
 [ 7 12 52]
 [12 11 55]
 [11 10 54]]
Reshape [[ 0  3  0]
 [ 0  2  0]
 [ 0  2  0]
 ...
 [ 7 12 52]
 [12 11 55]
 [11 10 54]]
Original [[ 0  2  0]
 [ 0  2  0]
 [ 0  2  0]
 ...
 [ 4 12 49]
 [13 11 50]
 [13 11 50]]
Reshape [[ 0  2  0]
 [ 0  2  0]
 [ 0  2  0]
 ...
 [ 4 12 49]
 [13 11 50]
 [13 11 50]]
Original [[ 0  1  0]
 [ 0  1  0]
 [ 0  1  0]
 ...
 [ 5  9 50]
 [16  9 49]
 [16  9 49]]
Reshape [[ 0  1  0]
 [ 0  1  0]
 [ 0  1  0]
 ...
 [ 5  9 50]
 [16  9 49]
 [16  9 49]]
Original [[ 0  2  0]
 [ 0  2  0]
 [ 0  2  0]
 ...
 [ 6 10 45]
 [13 10 46]
 [15 12 49]]
Reshape [[ 0  2  0]
 [ 0  2  0]
 [ 0  2  0]
 ...
 [ 6 10 45]
 [13 10 46]
 [15 12 49]]
Original [[ 0  2  0]
 [ 0  2  0]
 [ 0  2  0]
 ...
 [13  6 46]
 [17  7 50]
 [18  8 51]]
Reshape [[ 0  2  0]
 [ 0  2  0]
 [ 0  2  0]
 ...
 [13  6 46]
 [17  7 50]
 [18  8 51]]
Original [[ 0  2  0]
 [ 0  2  0]
 [ 0  2  0]
 ...
 [13  9 48]
 [19  6 51]
 [19  6 51]]
Reshape [[ 0  2  0]
 [ 0  2  0]
 [ 0  2  0]
 ...
 [13  9 48]
 [19  6 51]
 [19  6 51]]
Original [[ 1  2  0]
 [ 1  2  0]
 [ 0  1  0]
 ...
 [21 10 50]
 [24 11 52]
 [23  9 50]]
Reshape [[ 1  2  0]
 [ 1  2  0]
 [ 0  1  0]
 ...
 [21 10 50]
 [24 11 52]
 [23  9 50]]
Original [[ 0  2  0]
 [ 0  2  0]
 [ 0  2  0]
 ...
 [20 13 48]
 [22 12 50]
 [20  9 48]]
Reshape [[ 0  2  0]
 [ 0  2  0]
 [ 0  2  0]
 ...
 [20 13 48]
 [22 12 50]
 [20  9 48]]
Original [[ 0  2  0]
 [ 0  2  0]
 [ 0  2  0]
 ...
 [17 11 49]
 [17 12 47]
 [16 11 46]]
Reshape [[ 0  2  0]
 [ 0  2  0]
 [ 0  2  0]
 ...
 [17 11 49]
 [17 12 47]
 [16 11 46]]
Original [[ 0  2  0]
 [ 0  2  0]
 [ 0  2  0]
 ...
 [14 11 46]
 [14 11 46]
 [13 10 45]]
Reshape [[ 0  2  0]
 [ 0  2  0]
 [ 0  2  0]
 ...
 [14 11 46]
 [14 11 46]
 [13 10 45]]
Original [[ 0  1  0]
 [ 0  1  0]
 [ 0  1  0]
 ...
 [20  9 48]
 [21 12 46]
 [19 10 43]]
Reshape [[ 0  1  0]
 [ 0  1  0]
 [ 0  1  0]
 ...
 [20  9 48]
 [21 12 46]
 [19 10 43]]
Original [[ 0  2  0]
 [ 0  2  0]
 [ 0  2  0]
 ...
 [23 11 47]
 [23 12 46]
 [23 12 46]]
Reshape [[ 0  2  0]
 [ 0  2  0]
 [ 0  2  0]
 ...
 [23 11 47]
 [23 12 46]
 [23 12 46]]
Original [[ 0  2  0]
 [ 0  2  0]
 [ 0  2  0]
 ...
 [22 12 50]
 [23 13 44]
 [24 14 45]]
Reshape [[ 0  2  0]
 [ 0  2  0]
 [ 0  2  0]
 ...
 [22 12 50]
 [23 13 44]
 [24 14 45]]
Original [[ 0  1  0]
 [ 0  1  0]
 [ 0  1  0]
 ...
 [22 11 52]
 [22 11 44]
 [23 12 46]]
Reshape [[ 0  1  0]
 [ 0  1  0]
 [ 0  1  0]
 ...
 [22 11 52]
 [22 11 44]
 [23 12 46]]
Original [[ 0  2  0]
 [ 0  2  0]
 [ 0  2  0]
 ...
 [19  6 51]
 [19  8 46]
 [19  8 46]]
Reshape [[ 0  2  0]
 [ 0  2  0]
 [ 0  2  0]
 ...
 [19  6 51]
 [19  8 46]
 [19  8 46]]
Original [[ 0  2  0]
 [ 0  2  0]
 [ 0  2  0]
 ...
 [21  6 51]
 [13  8 43]
 [13  8 43]]
Reshape [[ 0  2  0]
 [ 0  2  0]
 [ 0  2  0]
 ...
 [21  6 51]
 [13  8 43]
 [13  8 43]]
Original [[ 0  2  0]
 [ 0  2  0]
 [ 0  2  0]
 ...
 [22  7 52]
 [21  9 45]
 [21  9 45]]
Reshape [[ 0  2  0]
 [ 0  2  0]
 [ 0  2  0]
 ...
 [22  7 52]
 [21  9 45]
 [21  9 45]]
Original [[ 0  1  0]
 [ 0  1  0]
 [ 0  1  0]
 ...
 [24  9 55]
 [24 11 50]
 [22  9 48]]
Reshape [[ 0  1  0]
 [ 0  1  0]
 [ 0  1  0]
 ...
 [24  9 55]
 [24 11 50]
 [22  9 48]]
Original [[ 0  2  0]
 [ 0  2  0]
 [ 0  2  0]
 ...
 [22  9 55]
 [23 11 47]
 [22 10 46]]
Reshape [[ 0  2  0]
 [ 0  2  0]
 [ 0  2  0]
 ...
 [22  9 55]
 [23 11 47]
 [22 10 46]]
Original [[ 0  2  0]
 [ 0  2  0]
 [ 0  2  0]
 ...
 [16 10 56]
 [24 12 48]
 [22 10 46]]
Reshape [[ 0  2  0]
 [ 0  2  0]
 [ 0  2  0]
 ...
 [16 10 56]
 [24 12 48]
 [22 10 46]]
Original [[ 0  2  0]
 [ 0  2  0]
 [ 0  2  0]
 ...
 [22  9 61]
 [24 11 50]
 [22  9 48]]
Reshape [[ 0  2  0]
 [ 0  2  0]
 [ 0  2  0]
 ...
 [22  9 61]
 [24 11 50]
 [22  9 48]]
Original [[ 0  1  0]
 [ 0  1  0]
 [ 0  1  0]
 ...
 [26 12 60]
 [22 10 53]
 [18  6 49]]
Reshape [[ 0  1  0]
 [ 0  1  0]
 [ 0  1  0]
 ...
 [26 12 60]
 [22 10 53]
 [18  6 49]]
